src_segmentnr	src_original	tgt_segmentnr	tgt_original
T03D3790-3:43a-20	རབ་འབྱོར་དེ་ནི་བྱང་ཆུབ་སེམས་དཔའ་སེམས་དཔའ་ཆེན་པོ་རྣམས་ཀྱི་ཤེས་རབ་ཀྱི་སྣང་བ་ཆེན་པོ་སྟེ་། འདི་ལྟར་སྦྱིན་པའི་ཕ་རོལ་ཏུ་ཕྱིན་པའི་སྣང་བའོ་༎	T08n0228_017:0655b13_18	須菩提！ 此名菩薩摩訶薩大慧光明，是即能為眾生作大福田。
T03D3790-3:41a-23	འོན་ཀྱང་བདག་དང་བདག་གིར་བྱ་བས་སེམས་ཅན་རྣམས་ཀུན་ཏུ་རྒྱུག་ཅིང་ཀུན་ཏུ་འཁོར་བར་གྱུར་ཏམ་།	T08n0228_017:0654c04_4	於汝意云何，眾生著我我所故，輪轉生死不？
T03D3790-3:43a-22	ཚུལ་ཁྲིམས་ཀྱི་ཕ་རོལ་ཏུ་ཕྱིན་པ་དང་༏་བཟོད་པའི་ཕ་རོལ་ཏུ་ཕྱིན་པ་དང་། བརྩོན་འགྲུས་ཀྱི་ཕ་རོལ་ཏུ་ཕྱིན་པ་དང་། བསམ་གཏན་གྱི་ཕ་རོལ་ཏུ་ཕྱིན་པ་དང་། ཤེས་རབ་ཀྱི་ཕ་རོལ་ཏུ་ཕྱིན་པའི་སྣང་བའོ་༎ རིགས་ཀྱི་བུ་དེ་དག་ནི་རྣམ་པ་ཐམས་ཅད་མཁྱེན་པ་ཉིད་དུ་མངོན་པར་རྫོགས་པར་སངས་རྒྱས་ཀྱང་སེམས་ཅན་ཐམས་༄༤༣བ་ཅད་ཀྱི་སྦྱིན་པའི་གནས་སུ་འགྱུར་ཏེ་། བླ་ན་མེད་པ་ཡང་དག་པར་རྫོགས་པའི་བྱང་ཆུབ་ལས་ཕྱིར་མི་ལྡོག་པ་།	T08n0228_017:0655b17_16	若菩薩摩訶薩如是行者，即不退轉於阿耨多羅三藐三菩提，堪受一切世間信心所施，謂飲食、衣服、臥具、醫藥。
T03D3790-3:43b-2	དེ་དག་ཤེས་རབ་ཀྱི་ཕ་རོལ་ཏུ་ཕྱིན་པ་དང་ལྡན་པའི་ཡིད་ལ་བྱ་བས་རྣམ་པར་སྤྱོད་པའི་ཕྱིར་། སུའི་གོས་དང་། བསོད་སྙོམས་དང་། མལ་ཆ་དང་། ནད་ཀྱི་རྐྱེན་རྩི་དང་། ཡོ་བྱད་ལ་ཡོངས་སུ་སྤྱོད་པའི་གཏོང་བ་དང་། སྦྱིན་བདག་གི་སྦྱིན་པ་དག་པར་འགྱུར་ཏེ་། རྣམ་པ་ཐམས་ཅད་མཁྱེན་པ་ཉིད་དང་ཡང་ཉེ་བར་འགྱུར་རོ་༎	T08n0228_017:0655b19_17	菩薩雖復受施，以一心修習般若波羅蜜多故，於彼施者、受者及其所施，皆悉清淨，得近一切智。
T03D3790-3:43b-5	རབ་འབྱོར་དེ་བས་ན་བྱང་ཆུབ་སེམས་དཔའ་སེམས་དཔའ་ཆེན་པོ་དོན་ཡོད་པར་ཁམ་གྱི་བསོད་སྙོམས་ལ་ཡོངས་སུ་སྤྱད་པར་འདོད་པ་དང་། སེམས་ཅན་ཐམས་ཅད་ཀྱི་ལམ་བསྟན་པར་འདོད་པ་དང་། སྣང་བ་ཆེན་པོ་དབྱུང་བར་འདོད་པ་དང་། ཁམས་གསུམ་གྱི་བཙོན་ར་ན་གནས་པའི་སེམས་ཅན་རྣམས་ཡོངས་སུ་དགྲོལ་བར་འདོད་པ་དང་། སེམས་ཅན་ཐམས་ཅད་ཀྱི་བླ་ན་མེད་པའི་ཤེས་རབ་ཀྱི་མིག་བསྐྱེད་པར་འདོད་པས་ཤེས་རབ་ཀྱི་ཕ་རོལ་ཏུ་ཕྱིན་པ་དང་ལྡན་པའི་ཡིད་ལ་བྱ་བས་རྟག་ཏུ་རྒྱུན་མི་འཆད་པར་གནས་པར་བྱའོ་༎ གལ་ཏེ་བྱང་ཆུབ་སེམས་དཔའ་སེམས་དཔའ་ཆེན་པོ་ཤེས་རབ་ཀྱི་ཕ་རོལ་ཏུ་ཕྱིན་པ་དང་ལྡན་པའི་ཡིད་ལ་བྱ་བ་འདི་ཡིད་ལ་བྱའོ་སྙམ་ན་དེས་ཤེས་རབ་ཀྱི་ཕ་རོལ་ཏུ་ཕྱིན་པ་དང་ལྡན་པ་འདི་ཉིད་ཀྱི་གཏམ་བརྗོད་པར་བྱའོ་ཞེས	T08n0228_017:0655b20_3	是故，須菩提！ 諸菩薩摩訶薩若欲不虛受其國中信施，若欲引示眾生所行正道，若欲救度眾生脫三界縛，若欲拔濟眾生出輪迴苦，若欲開導眾生清淨慧眼者，應當發起般若波羅蜜多相應正念，若起是念即與般若波羅蜜多言說相應。
T03D3790-3:41a-24	གསོལ་པ་། བཅོམ་ལྡན་འདས་དེ་དེ་ལགས་སོ་༎ བདེ་བར་གཤེགས་པ་དེ་དེ་ལགས་ཏེ་།	T08n0228_017:0654c04_10	」須菩提言： 「如是，世尊！
T03D3790-3:41a-26	བདག་དང་བདག་གིར་བགྱི་བས་སེམས་ཅན་རྣམས་ཀུན་ཏུ་རྒྱུག་ཅིང་འཁོར་བར་གྱུར་ཏོ་༎	T08n0228_017:0654c05_8	眾生著我我所故，輪轉生死。
T03D3790-3:41a-27	བཅོམ་ལྡན་འདས་ཀྱིས་བཀའ་སྩལ་པ་། རབ་འབྱོར་དེ་ལྟར་ན་སེམས་ཅན་རྣམས་ཀྱི་ཀུན་ནས་ཉོན་མོངས་པ་ཡོད་པ་ཡིན་ཏེ་།	T08n0228_017:0654c05_12	」佛言： 「須菩提！ 當知諸染法者，但隨眾生所受所著故說名為染；
T03D3790-3:41a-29	གང་ལ་བདག་ཏུ་བྱ་བ་མེད་པ་དང་། བདག་གིར་བྱ་བ་མེད་པ་དེ་ལ་འཛིན་པ་མེད་། གང་ལ་༄༤༡བ་འཛིན་པ་མེད་པ་དེ་ལ་སེམས་ཅན་ཀུན་ཏུ་རྒྱུག་ཅིང་ཀུན་ཏུ་འཁོར་བ་མེད་དེ་།	T08n0228_017:0654c08_16	若諸眾生不受不著，即無染可得亦無受染者，是故無我我所，以無我我所故，說名為淨。 若諸眾生不受不著，亦無淨可得，亦無受淨者。
T03D3790-3:43a-18	། དེ་དག་མཚན་མ་དེ་དག་ལྷན་ཅིག་ཏུ་མི་གནས་ཏེ་། དེ་དག་བཏང་སྙོམས་ཆེན་པོ་འཐོབ་བོ་༎	T08n0228_017:0655b13_14	』作是念已，不住是相亦不住餘相。
T03D3790-3:43b-10	ཤེས་རབ་ཀྱི་ཕ་རོལ་ཏུ་ཕྱིན་པ་དང་ལྡན་པའི་ཡིད་ལ་བྱེད་པས་གནས་པ་དེས་ནི་ཡིད་ལ་བྱེད་པ་གཞན་རྣམས་ཡིད་ལ་བྱེད་པར་འགྱུར་བའི་གོ་སྐབས་དབྱེ་བར་ཇི་ལྟར་ཤེས་རབ་ཀྱི་ཕ་རོལ་ཏུ་ཕྱིན་པ་དང་ལྡན་པའི་ཡིད་ལ་བྱེད་པ་དེ་དག་ཉིད་ཀྱིས་ཉིན་མཚན་དུ་བརྩོན་པ་མི་འདོར་བར་གནས་པ་དེ་ལྟར་བྱའོ་༎	T08n0228_017:0655b28_14	是故菩薩於晝夜中不應離是般若波羅蜜多相應正念。
T03D3790-3:43b-12	རབ་འབྱོར་འདི་ལྟ་སྟེ་དཔེར་ན་།	T08n0228_017:0655b28_18	須菩提！
T03D3790-3:43b-13	སྔན་ཆད་ནོར་བུ་རིན་པོ་ཆེ་རྙེད་མ་མྱོང་བའི་སྐྱེས་བུ་ཞིག་ཡོད་ལ་། དེས་དུས་གཞན་ཞིག་ན་ནོར་བུ་རིན་པོ་ཆེ་རྙེད་པར་གྱུར་ཏེ་། དེ་ནོར་བུ་རིན་པོ་ཆེ་དེ་རྙེད་པས་དགའ་བ་དང་། སྤྲོ་བ་དང་། ཡིད་བདེ་བ་དང་ལྡན་པར་གྱུར་པ་ལས་།	T08n0228_017:0655c01_16	譬如有人得未曾有大摩尼寶，得是寶已心大歡喜，後於異時或有因緣而失此寶。
T03D3790-3:44a-0	དེའི་རྒྱུས་སྡུག་བསྔལ་བ་དང་། ཡིད་མི་བདེ་བ་ཆེན་པོ་༄༤༤ཨ་༌་༎ དང་ལྡན་པར་འགྱུར་ཏེ་། རྟག་ཏུ་རྒྱུན་མི་འཆད་པར་ཀྱི་ཧུད་བདག་ནི་ཡིད་དུ་འོང་བའི་ནོར་བུ་རིན་པོ་ཆེ་དེ་དང་བྲལ་བར་གྱུར་ཏོ་ཞེས་ནོར་བུ་རིན་པོ་ཆེ་དང་ལྡན་པའི་ཡིད་ལ་བྱ་བ་ཤ་སྟག་རྒྱུན་དུ་འབྱུང་བར་འགྱུར་རོ་༎	T08n0228_017:0655c03_2	彼人以是緣故，心生愁惱憂苦追悔，常作是念： 『我今何故失此大寶？ 』如是思念無有間斷。
T03D3790-3:44a-3	རབ་འབྱོར་དེ་བཞིན་དུ་བྱང་ཆུབ་སེམས་དཔའ་སེམས་དཔའ་ཆེན་པོས་འདི་ནི་རིན་པོ་ཆེའོ་སྙམ་དུ་བསམས་ཏེ་།	T08n0228_017:0655c04_5	須菩提！
T03D3790-3:44a-4	རྣམ་པ་ཐམས་ཅད་མཁྱེན་པ་ཉིད་དང་ལྡན་པའི་ཡིད་ལ་བྱ་བ་དང་མ་བྲལ་བར་བྱའོ་༎ རྣམ་པ་ཐམས་ཅད་མཁྱེན་པ་ཉིད་ཀྱི་རིན་པོ་ཆེ་དེ་སྟོར་བར་ཡང་མི་བྱ་སྟེ་། དེ་ལྟར་ནི་རྟག་ཏུ་བདེ་བ་དང་། ཡིད་བདེ་བ་མང་པོ་དང་ལྡན་པར་འགྱུར་རོ་༎	T08n0228_017:0655c07_4	菩薩亦復如是，大法寶者所謂般若波羅蜜多，菩薩得是般若波羅蜜多大法寶故，常起般若波羅蜜多相應正念，常不離一切智心。
T03D3790-3:44a-7	གསོལ་པ་། བཅོམ་ལྡན་འདས་ཡིད་ལ་བགྱི་བ་དེ་དག་ཐམས་ཅད་ཀྱང་རང་བཞིན་དང་བྲལ་བ་སྟེ་། ཡིད་ལ་བགྱི་བ་ཐམས་ཅད་ཀྱང་རང་བཞིན་གྱིས་སྟོང་པ་ལགས་ན་།	T08n0228_017:0655c07_12	」須菩提白佛言： 「世尊！ 若一切法自性空故、離故，一切念亦空亦離者。
T03D3790-3:44a-9	ཇི་ལྟར་ན་བྱང་ཆུབ་སེམས་དཔའ་སེམས་དཔའ་ཆེན་པོ་རྣམ་པ་ཐམས་ཅད་མཁྱེན་པ་ཉིད་དང་ལྡན་པའི་ཡིད་ལ་བགྱི་བ་དང་མ་བྲལ་བ་ལགས་། ཡིད་ལ་བགྱི་བ་དང་མ་བྲལ་བ་ལ་ནི་བྱང་ཆུབ་སེམས་དཔའ་མི་དམིགས་། ཡིད་ལ་བགྱི་བ་མི་དམིགས་། རྣམ་པ་ཐམས་ཅད་མཁྱེན་པ་ཉིད་མི་དམིགས་སོ་༎	T08n0228_017:0655c10_1	云何佛說菩薩摩訶薩常不離般若波羅蜜多相應念耶？
T03D3790-3:44a-13	བཅོམ་ལྡན་འདས་ཀྱིས་བཀའ་སྩལ་པ་།	T08n0228_017:0655c10_5	」佛言：
T03D3790-3:44a-14	རབ་འབྱོར་གལ་ཏེ་བྱང་ཆུབ་སེམས་དཔའ་སེམས་དཔའ་ཆེན་པོས་འདི་ལྟར་ཆོས་ཐམས་ཅད་ནི་རང་བཞིན་དང་བྲལ་བ་སྟེ་། དེ་དག་ནི་ཉན་ཐོས་ཀྱིས་མ་བྱས་། རང་སངས་རྒྱས་ཀྱིས་མ་བྱས་། སངས་རྒྱས་བཅོམ་ལྡན་འདས་རྣམས་ཀྱིས་མ་མཛད་དེ་།	T08n0228_017:0655c10_10	「須菩提！
T03D3790-3:44a-20	དེ་ཅིའི་ཕྱིར་ཞེ་ན་།	T08n0228_017:0655c13_6	何以故？
T03D3790-3:49b-10	འོན་ཏེ་སངས་རྒྱས་ཀྱི་མཐུས་སྟོན་སྙམ་པ་དང་། དེ་ནས་ལྷའི་དབང་པོ་བརྒྱ་བྱིན་གྱིས་ཚེ་དང་ལྡན་པ་ཀུན་དགའ་བོའི་སེམས་ཀྱི་ཡོངས་སུ་རྟོག་པ་སེམས་ཀྱིས་ཡོངས་སུ་ཤེས་ནས་།	T08n0228_017:0657a11_21	」爾時，帝釋天主承佛威神知其念，即謂言：
T03D3790-3:49b-12	བཙུན་པ་ཀུན་དགའ་བོ་བདག་དེ་ལྟར་ཤེས་རབ་ཀྱི་ཕ་རོལ་ཏུ་ཕྱིན་པ་སྟོན་པ་དང་། ཤེས་རབ་ཀྱི་ཕ་རོལ་ཏུ་ཕྱིན་པའི་ཡོན་ཏན་དང་། ལེགས་པ་བརྗོད་པ་ནི་སངས་རྒྱས་ཀྱི་མཐུས་རིག་པར་བྱའོ་༎	T08n0228_017:0657a12_19	當知如我所說，皆是世尊威神建立。
T03D3790-3:49b-13	དེ་ནས་བཅོམ་ལྡན་འདས་ཀྱིས་ཚེ་དང་ལྡན་པ་ཀུན་དགའ་བོ་ལ་འདི་སྐད་ཅེས་བཀའ་སྩལ་ཏོ་༎	T08n0228_017:0657a13_11	」爾時，世尊告尊者阿難言：
T03D3790-3:49b-14	ཀུན་དགའ་བོ་དེ་དེ་བཞིན་ནོ་༎ དེ་དེ་བཞིན་ཏེ་།	T08n0228_017:0657a13_18	「如是，如是！
T03D3790-3:50a-0	ལྷའི་དབང་པོ་བརྒྱ་བྱིན་༄༥༠ཨ་༌་༎ གྱིས་ཤེས་རབ་ཀྱི་ཕ་རོལ་ཏུ་ཕྱིན་པ་འདི་སྟོན་པ་དང་། ཤེས་རབ་ཀྱི་ཕ་རོལ་ཏུ་ཕྱིན་པ་འདིའི་ཡོན་ཏན་དང་ལེགས་པ་བརྗོད་པ་དེ་ནི་དེ་བཞིན་གཤེགས་པའི་མཐུའོ་༎ དེ་ནི་དེ་བཞིན་གཤེགས་པས་བྱིན་གྱིས་བརླབས་སོ་༎	T08n0228_017:0657a14_19	如帝釋天主此所樂說，當知皆是佛威神力而為護念。 」24 增上慢品增上慢品第二十四爾時，世尊復告尊者阿難言：
T03D3790-3:50a-3	ཀུན་དགའ་བོ་གང་གི་ཚེ་བྱང་ཆུབ་སེམས་དཔའ་སེམས་དཔའ་ཆེན་པོ་ཤེས་རབ་ཀྱི་ཕ་རོལ་ཏུ་ཕྱིན་པ་ལ་སློབ་པ་དང་། ཤེས་རབ་ཀྱི་ཕ་རོལ་ཏུ་ཕྱིན་པ་ལ་བརྩོན་པར་བྱེད་པ་དང་། ཤེས་རབ་ཀྱི་ཕ་རོལ་ཏུ་ཕྱིན་པ་ལ་སྒོམ་པ་དེའི་ཚེ་གང་སྟོང་གསུམ་གྱི་སྟོང་ཆེན་པོའི་འཇིག་རྟེན་གྱི་ཁམས་ན་བདུད་སྡིག་ཅན་གང་ཇི་སྙེད་ཅིག་ཡོད་པ་དེ་དག་ཐམས་ཅད་ཅི་བྱང་ཆུབ་སེམས་དཔའ་སེམས་དཔའ་ཆེན་པོ་འདི་ཡང་དག་པའི་མཐའ་མངོན་དུ་བྱས་ཏེ་། རྒྱུན་དུ་ཞུགས་པའི་འབྲས་བུ་དང་། ལན་ཅིག་ཕྱིར་འོང་བའི་འབྲས་བུ་དང་། ཕྱིར་མི་འོང་བའི་འབྲས་བུ་དང་། དགྲ་བཅོམ་པ་ཉིད་དང་། རང་བྱང་ཆུབ་ཐོབ་པར་འགྱུར་རམ་༏	T08n0228_017:0657a18_16	「當知菩薩摩訶薩修般若波羅蜜多時，行般若波羅蜜多時，所有三千大千世界一切惡魔皆生疑念： 『菩薩摩訶薩修行是般若波羅蜜多，為當中道取證聲聞、緣覺果耶？
T03D3790-3:49b-8	༎ ། དེ་ནས་ཚེ་དང་ལྡན་པ་ཀུན་དགའ་བོ་འདི་སྙམ་དུ་གྱུར་ཏེ་།	T08n0228_017:0657a09_11	」爾時，尊者阿難即作是念：
T03D3790-3:49b-9	ལྷའི་དབང་པོ་བརྒྱ་བྱིན་འདི་རང་གི་སྤོབས་པས་ཤེས་རབ་ཀྱི་ཕ་རོལ་ཏུ་ཕྱིན་པ་འདི་སྟོན་ཞིང་ཤེས་རབ་ཀྱི་ཕ་རོལ་ཏུ་ཕྱིན་པའི་ཡོན་ཏན་དང་ལེགས་པ་བརྗོད་དམ་།	T08n0228_017:0657a10_11	「此帝釋天主快說是語，為自辯才如是說耶？ 為佛威神所護念耶？
T03D3790-3:50a-11	བདུད་སྡིག་ཅན་ཅི་ནས་ཀྱང་བྱང་ཆུབ་སེམས་དཔའ་སེམས་དཔའ་ཆེན་པོ་འདི་རྣམ་པ་ཐམས་ཅད་མཁྱེན་པ་ཉིད་ཡིད་ལ་བྱེད་པ་ལས་སེམས་གཅིག་ཙམ་འཁྲུག་པར་འགྱུར་བ་དང་། ཞུམ་པར་འགྱུར་བ་དང་། སྤུ་ག-ཡོ་བར་འགྱུར་བར་སྐར་མདའ་ལྟུང་བ་གཏོང་ཞིང་འཇིགས་པ་བསྐྱེད་དོ་༎	T08n0228_017:0657a24_6	彼諸惡魔或時若見菩薩摩訶薩修行般若波羅蜜多故，決定直至阿耨多羅三藐三菩提者，諸魔即時憂愁苦惱如箭入心。
T03D3790-3:50a-12	དེ་ནས་ཚེ་དང་ལྡན་པ་ཀུན་དགའ་བོས་བཅོམ་ལྡན་འདས་ལ་འདི་སྐད་ཅེས་གསོལ་ཏོ་།	T08n0228_017:0657a25_6	「復次，阿難！
T03D3790-3:50a-13	བཅོམ་ལྡན་འདས་ཅི་ལགས་། བྱང་ཆུབ་སེམས་དཔའ་སེམས་དཔའ་ཆེན་པོ་ཐམས་ཅད་ཀྱི་དྲུང་དུ་བདུད་སྡིག་ཅན་བརྩེ་བའི་བསམ་པས་མཆི་བར་འགྱུར་རམ་།	T08n0228_017:0657a29_15	菩薩摩訶薩修般若波羅蜜多時，行般若波羅蜜多時，有諸惡魔來菩薩所生嬈亂心，以彼魔力化諸雷雹風雨等相，周徧方處，欲令菩薩怖畏散亂，乃至欲令菩薩於一念中退失阿耨多羅三藐三菩提心。
T03D3790-3:50b-0	ཀུན་དགའ་བོ་བྱང་ཆུབ་སེམས་དཔའ་༄༥༠བ་སེམས་དཔའ་སེམས་དཔའ་ཆེན་པོ་ཐམས་ཅད་ཀྱི་དྲུང་དུ་བདུད་སྡིག་ཏོ་ཅན་བརྩེ་བའི་བསམ་པས་འོང་བ་མ་ཡིན་ནོ་༎	T08n0228_017:0657b01_14	當知惡魔不必普能嬈亂一切菩薩。
T03D3790-3:50a-6	འོན་ཏེ་མ་ཡིན་གྱིས་བླ་ན་མེད་པ་ཡང་དག་པར་རྫོགས་པའི་བྱང་ཆུབ་ཏུ་མངོན་པར་རྫོགས་པར་འཚང་རྒྱ་བར་འགྱུར་སྙམ་སྟེ་།	T08n0228_017:0657a21_7	為當決定直至阿耨多羅三藐三菩提耶？
T03D3790-3:50b-1	ཀུན་དགའ་བོས་གསོལ་པ་།	T08n0228_017:0657b02_2	」阿難白佛言：
T03D3790-3:50b-3	བཅོམ་ལྡན་འདས་ཀྱིས་བཀའ་སྩལ་པ་།	T08n0228_017:0657b02_19	」佛言：
T03D3790-3:66b-15	བཅོམ་ལྡན་འདས་ཀྱིས་བཀའ་སྩལ་པ་།	T08n0228_021:0662b13_7	」佛言：
T03D3790-3:66b-16	རབ་འབྱོར་བྱང་ཆུབ་སེམས་དཔའ་སེམས་དཔའ་ཆེན་པོ་གང་ཤེས་རབ་ཀྱི་ཕ་རོལ་ཏུ་ཕྱིན་པ་ལ་སྤྱོད་པ་དེ་ནི་དབང་པོ་དང་བཅས་། ཚངས་པ་དང་བཅས་། སྐྱེ་དགུའི་བདག་པོ་དང་བཅས་པའི་ལྷ་རྣམས་ཀྱིས་ཕྱག་བྱ་བར་ཡང་མ་ཟད་དེ་གང་འཕགས་པ་མངོན་པར་འཕགས་པའི་ཁ་དོག་དང་ལྡན་པ་། དགེ་རྒྱས་དང་། འབྲས་བུ་ཆེ་བ་དང་། གནས་གཙང་མའི་རིས་ཀྱི་ལྷ་རྣམས་ཀྱིས་ཀྱང་ཤེས་རབ་ཀྱི་ཕ་རོལ་ཏུ་ཕྱིན་པ་ལ་དེ་ལྟར་སྤྱོད་པའི་བྱང་ཆུབ་སེམས་དཔའ་སེམས་དཔའ་ཆེན་པོ་དེ་ལ་ཕྱག་བྱ་བར་འགྱུར་རོ་༎	T08n0228_021:0662b13_12	「須菩提！ 非但大梵天王、帝釋天主、大自在天并餘欲界諸天子眾，尊重恭敬頂禮稱讚，所有梵眾天、梵輔天、大梵天、少光天、無量光天、光音天、少淨天、無量淨天、遍淨天、無雲天、福生天、廣果天、無煩天、無熱天、善見天、善現天、色究竟天，如是等天上諸天子眾，亦常尊重恭敬頂禮稱讚是修行般若波羅蜜多菩薩摩訶薩。
T03D3790-3:66b-5	བཅོམ་ལྡན་འདས་གལ་ཏེ་བྱང་ཆུབ་སེམས་དཔའ་སེམས་དཔའ་ཆེན་པོ་དེ་སྐད་དུ་བཤད་པ་ལ་མི་འཇུམ་མི་འགོང་ཞིང་ཡིད་ཆེས་པ་དང་། སྒྱིད་ལུག་པར་མི་འགྱུར་ལ་། མི་འཇིགས་མི་དངང་།	T08n0228_021:0662b07_14	以是因緣，菩薩摩訶薩聞作是說，不驚不怖不退不沒。
T03D3790-3:66b-12	བཅོམ་ལྡན་འདས་དེ་ལྟར་སྤྱོད་པའི་བྱང་ཆུབ་སེམས་དཔའ་སེམས་དཔའ་ཆེན་པོ་ནི་དབང་པོ་དང་བཅས་། ཚངས་པ་དང་བཅས་། སྐྱེ་དགུའི་བདག་པོ་དང་བཅས་པའི་ལྷ་རྣམས་ཀྱིས་ཕྱག་བགྱི་བར་འགྱུར་རོ་༎	T08n0228_021:0662b13_3	若菩薩摩訶薩修行是般若波羅蜜多者，常得大梵天王、帝釋天主、大自在天并餘欲界諸天子眾，尊重恭敬頂禮稱讚。
T03D3790-3:67a-13	རབ་འབྱོར་གངྒའའི་ཀླུང་གི་བྱེ་མ་སྙད་ཀྱི་འཇིག་རྟེན་གྱི་ཁམས་དག་ན་སེམས་ཅན་གང་ཇི་སྙེད་ཅིག་ཡོད་པ་དེ་དག་ཐམས་ཅད་བདུད་སྡིག་ཅན་དུ་གྱུར་ཏེ་།	T08n0228_021:0662b29_5	假使三千大千世界所有眾生，一一皆化作諸惡魔，是諸魔眾亦復不能於彼修行般若波羅蜜多菩薩摩訶薩所伺得其便。 又，須菩提！
T03D3790-3:67b-0	བདུད་སྡིག་ཅན་དེ་དག་རེ་རེས་ཀྱང་དེ་སྙེད་ཀྱི་བདུད་སྡིག་ཅན་མངོན་པར་སྤྲུལ་ཀྱང་༄༦༧བ་དེ་དག་ཐམས་ཅད་ཀྱིས་བྱང་ཆུབ་སེམས་དཔའ་སེམས་དཔའ་ཆེན་པོ་དེ་ལ་བར་ཆད་བྱ་བར་མི་ནུས་སོ་༎	T08n0228_021:0662c01_1	且置是三千大千世界。 如前所說，假使如兢伽沙數世界一切眾生，一一皆化作諸惡魔，是諸魔眾亦復不能於彼修行般若波羅蜜多菩薩摩訶薩所伺得其便。
T03D3790-3:67a-0	རབ་འབྱོར་ཕྱོགས་བཅུའི་འཇིག་རྟེན་གྱི་ཁམས་ན་དེ་བཞིན་གཤེགས་པ་དགྲ་བཅོམ་པ་ཡང་དག་པར་རྫོགས་པའི་སངས་རྒྱས་གྲངས་མེད་ཚད་མེད་པ་གང་ཇི་སྙེད་ཅིག་བཞུགས་ཤིང་འཚོ་སྐྱོང་བ་དེ་དག་ཀྱང་བྱང་ཆུབ་སེམས་དཔའ་སེམས་དཔའ་༄༦༧ཨ་༌་༎ ཆེན་པོ་ཤེས་རབ་ཀྱི་ཕ་རོལ་ཏུ་ཕྱིན་པ་ལ་སྤྱོད་པ་དེ་དག་ལ་དགོངས་པར་མཛད་དེ་།	T08n0228_021:0662b23_16	又，十方無量阿僧祇世界諸佛如來、應供、正等正覺現住說法者，常以佛眼觀察是修行般若波羅蜜多菩薩摩訶薩，又復以佛威神常所護念。 須菩提！
T03D3790-3:67b-1	རབ་འབྱོར་ཆོས་གཉིས་དང་ལྡན་པའི་བྱང་ཆུབ་སེམས་དཔའ་སེམས་དཔའ་ཆེན་པོ་དེ་ནི་བདུད་སྡིག་ཅན་རྣམས་ཀྱིས་མི་ཐུབ་པ་ཡིན་ཏེ་།	T08n0228_021:0662c04_6	須菩提！ 當知修行般若波羅蜜多菩薩摩訶薩，成就二法，不為諸魔伺得其便。
T03D3790-3:67b-7	གཉིས་གང་ཞེ་ན་།	T08n0228_021:0662c08_15	何等為二？
T03D3790-3:67b-8	ཇི་སྐད་དུ་སྨྲས་པ་བཞིན་དུ་བྱེད་པ་ཡིན་། སངས་རྒྱས་བཅོམ་ལྡན་འདས་རྣམས་ཀྱིས་དགོངས་པ་ཡིན་ཏེ་།	T08n0228_021:0662c09_12	所謂如說能行，諸佛稱讚，是為二法。
T03D3790-3:67b-11	རབ་འབྱོར་དེ་ལྟར་སྤྱོད་པའི་བྱང་ཆུབ་སེམས་དཔའ་སེམས་དཔའ་ཆེན་པོའི་དྲུང་དུ་ནི་ལྷའི་བུ་རྣམས་ཀྱང་ཉེ་བར་འོང་བར་སེམས་སོ་༎ བསྙེན་བཀུར་བ་དང་། ཡོངས་སུ་འདྲི་བ་དང་། ཀུན་འདྲི་བ་ཡང་བྱེད་པར་འགྱུར་ཏེ་།	T08n0228_021:0662c11_14	若菩薩摩訶薩如是行般若波羅蜜多者，有諸天子常來其所，瞻禮恭敬作如是言：
T03D3790-3:67b-13	རིགས་ཀྱི་བུ་ཁྱོད་སངས་རྒྱས་ཀྱི་བྱང་ཆུབ་མྱུར་དུ་ཐོབ་པར་འགྱུར་གྱིས་།	T08n0228_021:0662c11_19	『善男子！ 汝速修行是般若波羅蜜多，速證阿耨多羅三藐三菩提。
T03D3790-3:67b-14	དེ་བས་ན་རིགས་ཀྱི་བུ་ཁྱོད་ཀྱིས་འདི་ལྟ་སྟེ་། སྟོང་པ་ཉིད་ཀྱིས་རྣམ་པར་སྤྱོད་པ་དང་། མཚན་མ་མེད་པས་རྣམ་པར་སྤྱོད་པ་དང་། སྨོན་པ་མེད་པས་རྣམ་པར་སྤྱོད་པ་དེ་ཉིད་ཀྱིས་རྣམ་པར་སྤྱོད་པར་གྱིས་ཤིག་། དེ་ཅིའི་ཕྱིར་ཞེ་ན་།	T08n0228_021:0662c13_8	何以故？
T03D3790-3:67b-16	རིགས་ཀྱི་བུ་ཁྱོད་ཀྱིས་རྣམ་པར་སྤྱོད་པ་དེས་རྣམ་པར་སྤྱད་པ་དང་། སེམས་ཅན་མགོན་མེད་པ་རྣམས་ཀྱི་མགོན་དུ་འགྱུར་རོ་༎	T08n0228_021:0662c13_12	善男子！
T03D3790-3:67b-17	སེམས་ཅན་སྐྱབས་མེད་པ་རྣམས་ཀྱི་སྐྱབས་སུ་འགྱུར་རོ་༎ སེམས་ཅན་སྐྱོབ་པ་མེད་པ་རྣམས་ཀྱི་སྐྱོབ་པར་འགྱུར་རོ་༎ སེམས་ཅན་དཔུང་གཉེན་མེད་པ་རྣམས་ཀྱི་དཔུང་གཉེན་དུ་འགྱུར་རོ་༎ སེམས་ཅན་གནས་མེད་པ་རྣམས་ཀྱི་གནས་སུ་འགྱུར་རོ་༎ སེམས་ཅན་རྟེན་མེད་པ་རྣམས་ཀྱི་རྟེན་དུ་འགྱུར་རོ་༎ སེམས་ཅན་གླིང་མེད་པ་རྣམས་༄༦༨ཨ་༌་༎ སེམས་ཅན་མུན་པར་གྱུར་པ་རྣམས་ཀྱི་སྣང་བར་འགྱུར་རོ་ཞེས་དེ་ལ་སྤྲོ་བ་བསྐྱེད་པར་འགྱུར་རོ་༎	T08n0228_021:0662c18_15	汝修行是般若波羅蜜多故，能與無依眾生而作依怙，無救眾生而為救度，無歸眾生為作所歸，無舍眾生為作住舍，無趣眾生而為作趣，無洲眾生而為作洲，不識畢竟道者為示畢竟道，不識正道者為示正道，在黑闇者為作光明。 菩薩摩訶薩行般若波羅蜜多者，成就如是功德。
T03D3790-3:67b-2	གཉིས་གང་ཞེ་ན་།	T08n0228_021:0662c06_2	何等為二？
T03D3790-3:67b-3	དེས་ཆོས་ཐམས་ཅད་སྟོང་པའོ་ཞེས་བྱ་བར་རྣམ་པར་བལྟས་པ་ཡིན་། དེས་སེམས་ཅན་ཐམས་ཅད་ཀྱང་ཡོངས་སུ་མ་བཏང་བ་ཡིན་ཏེ་།	T08n0228_021:0662c07_2	所謂觀一切法空，不捨一切眾生，是為二法。
T03D3790-3:67b-5	རབ་འབྱོར་ཆོས་འདི་གཉིས་དང་ལྡན་པའི་བྱང་ཆུབ་སེམས་དཔའ་སེམས་དཔའ་ཆེན་པོ་བདུད་སྡིག་ཅན་རྣམས་ཀྱིས་མི་ཐུབ་པ་ཡིན་ནོ་༎ རབ་འབྱོར་གཞན་ཡང་ཤེས་རབ་ཀྱི་ཕ་རོལ་ཏུ་ཕྱིན་པ་ལ་སྤྱོད་པའི་བྱང་ཆུབ་སེམས་དཔའ་སེམས་དཔའ་ཆེན་པོ་ཆོས་གཉིས་དང་ལྡན་པ་ནི་བདུད་སྡིག་ཅན་རྣམས་ཀྱིས་མི་ཐུབ་པ་ཡིན་ཏེ་།	T08n0228_021:0662c07_6	須菩提！ 復有二法，菩薩摩訶薩能成就故，不為諸魔伺得其便。
T03D3790-3:68a-8	དེ་བཞིན་གཤེགས་པ་དགྲ་བཅོམ་པ་ཡང་དག་པར་རྫོགས་པའི་སངས་རྒྱས་མི་འཁྲུགས་པའི་ཞམ་འབྲིང་ན་ཚངས་པའི་སྤྱད་པ་སྤྱོད་པ་ཤེས་རབ་ཀྱི་ཕ་རོལ་ཏུ་ཕྱིན་པ་དང་མ་བྲལ་བ་དེ་དག་གི་མིང་ཡོངས་སུ་བརྗོད་པའི་ཚུལ་གྱིས་ཆོས་སྟོན་ཞིང	T08n0228_021:0662c26_18	須菩提！ 諸佛剎中亦復如是，彼彼佛會演說法時，亦常稱讚我剎土中修行般若波羅蜜多者，及餘菩薩修梵行者，所有功德名字族氏色相威力。
T03D3790-3:68b-5	རབ་འབྱོར་བྱང་ཆུབ་སེམས་དཔའ་སེམས་དཔའ་ཆེན་པོ་གང་སངས་རྒྱས་ཀྱི་ཚུལ་རྒྱུན་མི་འཆད་པའི་དོན་དུ་ཞུགས་པ་དེ་དག་ནི་དཀའ་བ་བྱེད་པའོ་༎ གསོལ་པ་། བཅོམ་ལྡན་འདས་སངས་རྒྱས་བཅོམ་ལྡན་འདས་དེ་དག་བྱང་ཆུབ་སེམས་དཔའ་སེམས་དཔའ་ཆེན་པོ་སླར་ལྡོག་པའམ་།	T08n0228_021:0663a05_2	諸佛世尊演說法時，於諸菩薩摩訶薩有稱讚者、有不稱讚者。 」須菩提言：
T03D3790-3:68b-9	བཅོམ་ལྡན་འདས་ཀྱིས་བཀའ་སྩལ་པ་།	T08n0228_021:0663a05_22	」佛言：
T03D3790-3:68b-10	རབ་འབྱོར་བྱང་ཆུབ་སེམས་དཔའ་སེམས་དཔའ་ཆེན་པོ་ནི་ཕྱིར་མི་ལྡོག་པ་གང་དག་ཤེས་རབ་ཀྱི་ཕ་རོལ་ཏུ་ཕྱིན་པ་ལ་སྤྱོད་པ་ཡང་ཡོད་། བྱང་ཆུབ་སེམས་དཔའ་སེམས་དཔའ་ཆེན་པོ་ཕྱིར་མི་ལྡོག་པ་གང་དག་ཤེས་རབ་ཀྱི་ཕ་རོལ་ཏུ་ཕྱིན་པ་ལ་སྤྱོད་པ་ཡང་ཡོད་དེ་།	T08n0228_021:0663a06_2	「須菩提！
T03D3790-3:68b-13	གསོལ་པ་། བཅོམ་ལྡན་འདས་དེ་དག་གང་ལགས་།	T08n0228_021:0663a07_10	」須菩提言： 「若未住不退轉者，諸佛世尊所稱讚不？
T03D3790-3:68a-4	དེ་ནི་འདི་ལྟར་འཇིག་རྟེན་གྱི་ཁམས་ཚད་མེད་གྲང་མེད་པ་དག་ན་སངས་རྒྱས་བཅོམ་ལྡན་འདས་གང་ཇི་སྙེད་ཅིག་དགེ་སློང་གི་དགེ་འདུན་གྱིས་ཡོངས་སུ་བསྐོར་ཏེ་བཞུགས་ཤིང་འཚོ་སྐྱོང་བ་དང་། ཆོས་སྟོན་པ་དེ་དག་ཀྱང་བྱང་ཆུབ་སེམས་དཔའ་སེམས་དཔའ་ཆེན་པོ་གང་ཤེས་རབ་ཀྱི་ཕ་རོལ་ཏུ་ཕྱིན་པ་ལ་སྤྱོད་ཅིང་། འདི་ལྟ་སྟེ་ཤེས་རབ་ཀྱི་ཕ་རོལ་ཏུ་ཕྱིན་པའི་ཡོན་ཏན་དེ་དག་དང་ལྡན་པའི་བྱང་ཆུབ་སེམས་དཔའ་སེམས་དཔའ་ཆེན་པོ་དེའི་མིང་དང་རིགས་ཡོངས་སུ་བརྗོད་པའི་ཚུལ་གྱིས་ཆོས་སྟོན་ཞིང་ཆེད་དུ་བརྗོད་པའང་ཆེད་དུ་བརྗོད་པ་མཛད་དོ་༎	T08n0228_021:0662c23_17	又菩薩摩訶薩行是般若波羅蜜多者，現在十方無量阿僧祇世界諸佛世尊，與彼菩薩、聲聞大眾圍繞演說法時，常所稱讚是菩薩所有功德，及其名字族氏色相威力。
T03D3790-3:68a-6	རབ་འབྱོར་འདི་ལྟ་སྟེ་དཔེར་ན་།	T08n0228_021:0662c24_2	須菩提！
T03D3790-3:68a-7	ང་ད་ལྟར་བྱང་ཆུབ་སེམས་དཔའ་སེམས་དཔའ་ཆེན་པོ་རིན་ཆེན་ཏོག་གི་མིང་ཡོངས་སུ་བརྗོད་པའི་ཚུལ་གྱིས་ཆོས་སྟོན་ཞིང་ཆེད་དུ་བརྗོད་པ་ཆེད་དུ་བརྗོད་པ་དང་། བྱང་ཆུབ་སེམས་དཔའ་སེམས་དཔའ་ཆེན་པོ་གཙུག་ཕུད་ཀྱི་མིང་ཡོངས་སུ་བརྗོད་པའི་ཚུལ་གྱིས་ཆོས་སྟོང་ཞིང་ཆེད་དུ་བརྗོད་པ་ཆེད་དུ་བརྗོད་པ་དང་།	T08n0228_021:0662c26_14	如我今時集會說法，常所稱讚阿閦佛剎中寶幢菩薩，及彼剎中餘諸菩薩修梵行者，所有功德名字族氏色相威力。
T03D3790-3:68b-14	བཅོམ་ལྡན་འདས་ཀྱིས་བཀའ་སྩལ་པ་།	T08n0228_021:0663a08_10	」佛言：
T03D3790-3:68b-15	བྱང་ཆུབ་སེམས་དཔའ་སེམས་དཔའ་ཆེན་པོ་གང་བྱང་ཆུབ་སེམས་དཔའི་སྤྱད་པ་སྤྱོད་པའི་ཚེ་། དེ་བཞིན་གཤེགས་པ་དགྲ་བཅོམ་པ་ཡང་དག་པར་རྫོགས་པའི་སངས་རྒྱས་མི་འཁྲུགས་པའི་རྗེས་སུ་སློབ་པའི་ཚུལ་གྱིས་རྣམ་པར་སྤྱོད་པ་དེ་དག་ལ་སངས་རྒྱས་བཅོམ་ལྡན་འདས་དེ་དག་སྤྲོ་བ་མཛད་པའི་ཚུལ་གྱིས་ཆོས་སྟོན་ཞིང་ཆེད་དུ་བརྗོད་པའང་ཆེད་དུ་བརྗོད་པ་མཛད་དོ་༎	T08n0228_021:0663a08_15	「須菩提！ 有菩薩摩訶薩雖未安住不退轉地，諸佛世尊亦常稱讚。 彼復云何？ 所謂菩薩摩訶薩，若學阿閦如來本為菩薩時所行道法者，是菩薩雖未安住不退轉地，亦為諸佛常所稱讚。
T03D3790-3:69a-0	རབ་འབྱོར་གང་བྱང་ཆུབ་སེམས་དཔའ་སེམས་དཔའ་ཆེན་པོ་རིན་པོ་ཆེ་ཏོག་གི་རྗེས་སུ་སློབ་པའི་ཚུལ་གྱིས་བྱང་ཆུབ་སེམས་དཔའི་སྤྱད་པ་སྤྱོད་པ་དེ་དག་ལ་ཡང་སངས་རྒྱས་བཅོམ་ལྡན་འདས་༄༦༩ཨ་༌་༎ དེ་དག་སྤྲོ་བར་མཛད་པའི་ཚུལ་གྱིས་ཆོས་སྟོན་ཞིང་ཆེད་དུ་བརྗོད་པའང་ཆེད་དུ་བརྗོད་པ་མཛད་དོ་༎	T08n0228_021:0663a12_18	又，須菩提！ 若菩薩摩訶薩學寶幢菩薩所行道法者，是菩薩雖未安住不退轉地，亦為諸佛常所稱讚。
T03D3790-3:69a-2	རབ་འབྱོར་གཞན་ཡང་བྱང་ཆུབ་སེམས་དཔའ་སེམས་དཔའ་ཆེན་པོ་གང་ཤེས་རབ་ཀྱི་ཕ་རོལ་ཏུ་ཕྱིན་པ་ལ་སྤྱོད་ཅིང་ཆོས་ཐམས་ཅད་སྐྱེ་བ་མེད་པར་མོས་ཀྱང་མི་སྐྱེ་བའི་ཆོས་ལ་བཟོད་པ་མ་ཐོབ་པ་། ཆོས་ཐམས་ཅད་སྟོང་པའོ་ཞེས་བྱ་བ་དང་། ཆོས་ཐམས་ཅད་ཞི་བའོ་ཞེས་བྱ་བ་དང་། ཆོས་ཐམས་ཅད་གསོག་གསོབ་སྟེ་རག་ལུས་པའོ་ཞེས་བྱ་བ་དང་། སྙིང་པོ་མེད་པའོ་ཞེས་བྱ་བར་མོས་ཀྱང་མི་སྐྱེ་བའི་ཆོས་ལ་བཟོད་པ་མ་ཐོབ་པ་དེ་དག་ལ་ཡང་སངས་རྒྱས་བཅོམ་ལྡན་འདས་དེ་དག་སྤྲོ་བར་མཛད་པའི་ཚུལ་གྱིས་ཆོས་སྟོན་ཞིང་ཆེད་དུ་བརྗོད་པའང་ཆེད་དུ་བརྗོད་པ་མཛད་དོ་༎	T08n0228_021:0663a15_3	又，須菩提！ 若菩薩摩訶薩行般若波羅蜜多故，信解一切法無生，而未能證得無生法忍，又信解一切法寂靜，而於不退轉地中，未能自在得一切法寂靜，是菩薩亦為諸佛常所稱讚。 又，須菩提！
T03D3790-3:69b-7	གསོལ་པ་། བཅོམ་ལྡན་འདས་དེ་བཞིན་ཉིད་དུ་གནས་ནས་དེ་བཞིན་ཉིད་དུ་ནན་ཏན་བགྱིས་ཏེ་།	T08n0228_021:0663b02_13	」須菩提白佛言：
T03D3790-3:69b-10	བཅོམ་ལྡན་འདས་དེ་ལྟར་དེ་བཞིན་ཉིད་ལས་མ་གཏོགས་པའི་ཆོས་ཀྱང་གང་ཡང་མ་དམིགས་ན་སུ་ཞིག་དེ་བཞིན་ཉིད་ལ་གནས་པར་འགྱུར་།	T08n0228_021:0663b03_11	離如無法可得，當以何法於如中住？
T03D3790-3:69b-11	དེ་བཞིན་ཉིད་ལ་གནས་ནས་བླ་ན་མེད་པ་ཡང་དག་པར་རྫོགས་པའི་བྱང་ཆུབ་ཏུ་མངོན་པར་རྫོགས་པར་འཚང་རྒྱ་བར་འགྱུར་།	T08n0228_021:0663b04_7	當以何法得阿耨多羅三藐三菩提？
T03D3790-3:69b-13	དེ་བཞིན་ཉིད་ཀྱང་དམིགས་སུ་མ་མཆིས་ན་དེ་བཞིན་ཉིད་ལ་གནས་པར་འགྱུར་བ་དང་། དེ་བཞིན་ཉིད་ལ་གནས་ཏེ་བླ་ན་མེད་པ་ཡང་དག་པར་རྫོགས་པའི་བྱང་ཆུབ་ཏུ་མངོན་པར་རྫོགས་པར་འཚང་རྒྱ་བ་དང་། དེ་བཞིན་ཉིད་ལ་གནས་ཤིང་ཆོས་སྟོན་པར་འགྱུར་བ་ལྟ་ཅི་སྨོས་ཏེ་།	T08n0228_021:0663b05_1	「須菩提！ 如汝所說，離如無法可得，當以何法於如中住？ 當以何法得阿耨多羅三藐三菩提？ 當以何法可說者？
T03D3790-3:69b-14	དེ་ནི་གནས་མ་མཆིས་སོ་༎	T08n0228_021:0663b07_12	如是，如是！
T03D3790-3:69b-16	རབ་འབྱོར་གང་ཁྱོད་འདི་སྐད་དུ་གང་དེ་བཞིན་ཉིད་ལ་གནས་པ་དང་། དེ་བཞིན་ཉིད་ལ་གནས་ཏེ་བླ་ན་མེད་པ་ཡང་དག་པར་རྫོགས་པའི་བྱང་ཆུབ་ཏུ་མངོན་པར་རྫོགས་པར་འཚང་རྒྱ་བ་དང་། དེ་བཞིན་ཉིད་ལ་གནས་ཤིང་ཆོས་སྟོན་པར་འགྱུར་བ་དེ་ལྟ་བུའི་ཆོས་གང་ཡང་དེ་བཞིན་ཉིད་མ་གཏོགས་པར་གཞན་དམིགས་སུ་མེད་དེ་། དེ་བཞིན་ཉིད་ཀྱང་དམིགས་སུ་མེད་ན་།	T08n0228_021:0663b08_19	離如無法可得，於如中住如尚不可得，何況有住如者。
T03D3790-3:69a-4	རབ་འབྱོར་བྱང་ཆུབ་སེམས་དཔའ་སེམས་དཔའ་ཆེན་པོ་གང་ལ་སངས་རྒྱས་བཅོམ་ལྡན་འདས་རྣམས་མིང་ཡོངས་སུ་བརྗོད་པའི་ཚུལ་གྱིས་ཆོས་སྟོན་ཞིང་ཆེད་དུ་བརྗོད་པའང་ཆེད་དུ་བརྗོད་པ་མཛད་པའི་བྱང་ཆུབ་སེམས་དཔའ་སེམས་དཔའ་ཆེན་པོ་དེ་དག་གིས་ནི་ཉན་ཐོས་ཀྱི་ས་དང་རང་སངས་རྒྱས་ཀྱི་ས་སྤངས་པ་ཡིན་ཏེ་། བླ་ན་མེད་པ་ཡང་དག་པར་རྫོགས་པའི་བྱང་ཆུབ་ཏུའང་ལུང་བསྟན་པ་ཡིན་།	T08n0228_021:0663a21_18	若菩薩摩訶薩得諸佛世尊共所稱讚者，必當安住不退轉地，遠離聲聞、緣覺之心，決定得授阿耨多羅三藐三菩提記。
T03D3790-3:69a-10	རབ་འབྱོར་གཞན་ཡང་བྱང་ཆུབ་སེམས་དཔའ་སེམས་དཔའ་ཆེན་པོ་ཤེས་རབ་ཀྱི་ཕ་རོལ་ཏུ་ཕྱིན་པ་ཟབ་མོ་བཤད་པ་ཐོས་ན་འདི་ནི་དེ་བཞིན་གཤེགས་པ་དགྲ་བཅོམ་པ་ཡང་དག་པར་རྫོགས་པའི་སངས་རྒྱས་ཀྱིས་ཇི་ལྟར་བཤད་པ་དེ་བཞིན་ནོ་ཞེས་ནི་མ་ནུར་མེད་ཅིང་ཐེ་ཚོམ་མི་ཟ་ལ་རྨོངས་པར་མི་འགྱུར་ན་། དེས་ནི་ཕྱིས་ཀྱང་རྒྱ་ཆེར་དེ་བཞིན་གཤེགས་པ་དགྲ་བཅོམ་པ་ཡང་དག་པར་རྫོགས་པའི་སངས་རྒྱས་མི་འཁྲུགས་པ་དང་། བྱང་ཆུབ་སེམས་དཔའི་ཐེག་པ་པའི་རིགས་ཀྱི་བུ་དེ་དག་ལས་ཐོས་༄༦༩བ་པར་འགྱུར་ཏེ་། བྱང་ཆུབ་སེམས་དཔའི་ཐེག་པ་པའི་རིགས་ཀྱི་བུ་དེ་ཡང་ཤེས་རབ་ཀྱི་ཕ་རོལ་ཏུ་ཕྱིན་པ་འདི་ལ་མོས་ཤིང་ཤེས་རབ་ཀྱི་ཕ་རོལ་ཏུ་ཕྱིན་པ་ཟབ་མོ་འདི་དེ་བཞིན་གཤེགས་པས་ཇི་སྐད་བསྟན་པ་དེ་བཞིན་དུ་མོས་པས་ཕྱིར་མི་ལྡོག	T08n0228_021:0663a24_7	「復次，須菩提！ 若菩薩摩訶薩聞此甚深般若波羅蜜多，不疑不悔不難不沒者，是菩薩摩訶薩，當於阿閦如來、應供、正等正覺所，及彼剎中諸菩薩所，亦得聞是般若波羅蜜多法門，聞已信解，隨信解已得不退轉。
T03D3790-3:69b-3	རབ་འབྱོར་དེ་ལྟར་ན་བྱང་ཆུབ་སེམས་དཔའ་སེམས་དཔའ་ཆེན་པོ་ཤེས་རབ་ཀྱི་ཕ་རོལ་ཏུ་ཕྱིན་པ་ཐོས་པ་ནི་ཕན་པ་མང་པོར་འགྱུར་བ་ཡིན་ཏེ་།	T08n0228_021:0663a28_19	須菩提！
T03D3790-3:69b-4	གང་གིས་མོས་ཤིང་མོས་ནས་དེ་བཞིན་ཉིད་དུ་གནས་པ་དང་། དེ་བཞིན་ཉིད་དུ་ནན་ཏན་བྱེད་པ་དེ་དག་ནི་སྨོས་ཀྱང་ཅི་སྨོས་ཏེ་། དེ་དག་དེ་བཞིན་ཉིད་ལ་གནས་། དེ་བཞིན་ཉིད་ལ་ནན་ཏན་དུ་བྱས་ནས་རྣམ་པ་ཐམས་ཅད་མཁྱེན་པ་ཉིད་ལ་གནས་པར་འགྱུར་རོ་༎	T08n0228_021:0663b02_5	若有聞是法門生信解者尚獲如是功德，何況若能隨所信解，如理安住、如理而行，如如所住住一切智。
T03D3790-3:72b-8	རབ་འབྱོར་བྱང་ཆུབ་སེམས་དཔའ་སེམས་དཔའ་ཆེན་པོ་ནི་དོན་ཟབ་མོ་ལ་སྤྱོད་པའོ་༎	T08n0228_021:0661b07_3	此甚深義菩薩摩訶薩行者是為甚難。 須菩提！
T03D3790-3:72b-9	རབ་འབྱོར་བྱང་ཆུབ་སེམས་དཔའ་སེམས་དཔའ་ཆེན་པོ་དེ་ལྟར་དོན་ཟབ་མོ་ལ་སྤྱོད་ཅིང་འདི་ལྟ་སྟེ་། ཉན་ཐོས་ཀྱི་སའམ་། རང་སངས་རྒྱས་ཀྱི་སར་འགྲོ་བའི་དོན་དེ་མངོན་དུ་མི་བྱེད་པ་ནི་དཀའ་བ་བྱེད་པའོ་༎	T08n0228_021:0661b08_20	若菩薩摩訶薩行此甚深義者，不於中道取證聲聞、緣覺之果，斯為甚難。
T03D3790-3:72b-5	བཅོམ་ལྡན་འདས་ཀྱིས་བཀའ་སྩལ་པ་།	T08n0228_021:0661b05_17	」佛言：
T03D3790-3:72b-12	གསོལ་པ་། བཅོམ་ལྡན་འདས་ཀྱིས་གསུངས་པའི་དོན་བདག་གིས་འཚལ་བ་ལྟར་ན་དཀའ་ཅུང་ཟད་ཀྱང་མི་བགྱིད་ན་ཇི་ལྟར་བྱང་ཆུབ་སེམས་དཔའ་སེམས་དཔའ་ཆེན་པོ་དཀའ་བ་བགྱིད་པ་ལགས་།	T08n0228_021:0661b09_6	」須菩提白佛言： 「世尊！ 如我解佛所說義，菩薩摩訶薩所為非難。
T03D3790-3:72b-6	རབ་འབྱོར་དེ་དེ་བཞིན་ནོ་༎ དེ་དེ་བཞིན་ཏེ་།	T08n0228_021:0661b06_1	「須菩提！ 如是，如是！
T03D3790-3:72b-13	དེ་ཅིའི་སླད་དུ་ཞེ་ན་།	T08n0228_021:0661b10_11	何以故？
T03D3790-3:72b-14	བཅོམ་ལྡན་འདས་དེ་ནི་འདི་ལྟར་གང་མངོན་དུ་བགྱི་བའི་དོན་དེ་ཡང་མི་དམིགས་། གང་གིས་མངོན་དུ་བགྱི་བའི་ཤེས་རབ་ཀྱི་ཕ་རོལ་ཏུ་ཕྱིན་པ་དེ་ཡང་མི་དམིགས་། གང་གི་དོན་དུ་བགྱི་བའི་ཆོས་དེ་ཡང་མི་དམིགས་ཏེ་། བཅོམ་ལྡན་འདས་གང་ཆོས་ཐམས་ཅད་མངོན་དུ་བགྱིས་པས་བླ་ན་མེད་པ་ཡང་དག་པར་རྫོགས་པའི་བྱང་ཆུབ་ཏུ་མངོན་པར་རྫོགས་པར་འཚང་རྒྱ་བར་འགྱུར་བའི་དོན་མངོན་དུ་བགྱི་བ་དེ་ལྟ་བུ་ཡང་གང་ཞིག་མཆིས་། ཤེས་རབ་ཀྱི་ཕ་རོལ་ཏུ་ཕྱིན་པ་ཡང་གང་ཞིག་གིས་མངོན་དུ་བགྱི་།	T08n0228_021:0661b11_2	一切法無所得無所證。
T03D3790-3:72b-19	ཆོས་མངོན་དུ་བགྱི་བ་དེ་ལྟ་བུ་ཡང་གང་ཞིག་མཆིས་། བཅོམ་ལྡན་འདས་འདི་ནི་མི་དམིགས་པའི་སྤྱོད་པ་སྟེ་། དེ་ལྟར་སྤྱོད་པའི་བྱང་ཆུབ་སེམས་དཔའ་སེམས་དཔའ་ཆེན་པོ་ཆོས་ཐམས་ཅད་ལ་མུན་པ་མ་མཆིས་པ་ཐོབ་པའོ་༎	T08n0228_021:0661b12_16	以無得無證故，是中無證者、無所證、無所用證法，是故菩薩摩訶薩所為非難。
T03D3790-3:72b-22	བཅོམ་ལྡན་འདས་གལ་ཏེ་དེ་སྐད་དུ་བསྟན་པ་ལ་བྱང་ཆུབ་སེམས་དཔའ་སེམས་དཔའ་ཆེན་པོའི་སེམས་མི་ཞུམ་། ཡོངས་སུ་མི་༄༧༣ཨ་༌་༎ འཇུམ་ཞིང་། མི་འཇིགས་། མི་དངང་། སྐྲག་པར་མི་འགྱུར་ན་། བཅོམ་ལྡན་འདས་དེ་ལྟར་སྤྱོད་པའི་བྱང་ཆུབ་སེམས་དཔའ་སེམས་དཔའ་ཆེན་པོ་ནི་ཤེས་རབ་ཀྱི་ཕ་རོལ་ཏུ་ཕྱིན་པ་ལ་སྤྱོད་པ་སྟེ་།	T08n0228_021:0661b12_19	世尊！ 若菩薩摩訶薩聞作是說，不驚不怖不退不沒者，當知彼菩薩摩訶薩是為行般若波羅蜜多。
T03D3790-3:73a-9	༎ ། བཅོམ་ལྡན་འདས་འདི་ལྟ་སྟེ་དཔེར་ན་ནམ་མཁའ་ནི་འདི་ལྟར་བདག་ནི་ལ་ལ་དང་ནི་རིང་ངོ་༎ ལ་ལ་དང་ནི་ཉེའོ་ཞེས་བགྱི་བར་མི་སེམས་སོ་༎	T08n0228_021:0661b19_1	世尊！ 譬如虛空不作是念： 『是遠是近？
T03D3790-3:73a-11	དེ་ཅིའི་སླད་དུ་ཞེ་ན་།	T08n0228_021:0661b19_21	』何以故？
T03D3790-3:73a-12	བཅོམ་ལྡན་འདས་ནམ་མཁའ་ལ་བྱེ་བྲག་མ་མཆིས་ཤིང་མི་ག-ཡོ་བ་དང་རྣམ་པར་རྟོག་པ་མ་མཆིས་པའི་སླད་དུ་སྟེ་།	T08n0228_021:0661b20_5	虛空無分別故。
T03D3790-3:73a-13	བཅོམ་ལྡན་འདས་དེ་བཞིན་དུ་བྱང་ཆུབ་སེམས་དཔའ་སེམས་དཔའ་ཆེན་པོ་ཤེས་རབ་ཀྱི་ཕ་རོལ་ཏུ་ཕྱིན་པ་ལ་སྤྱོད་པ་ཡང་འདི་ལྟར་བདག་ལ་ཉན་ཐོས་སམ་། རང་སངས་རྒྱས་ཀྱི་ས་ནི་རིང་གི་། བླ་ན་མེད་པ་ཡང་དག་པར་རྫོགས་པའི་བྱང་ཆུབ་ནི་ཉེའོ་ཞེས་བགྱི་བར་མི་སེམས་སོ་༎	T08n0228_021:0661b21_2	般若波羅蜜多亦復如是，不作是念： 『阿耨多羅三藐三菩提去我近，聲聞、緣覺地去我遠。
T03D3790-3:73a-15	དེ་ཅིའི་སླད་དུ་ཞེ་ན་།	T08n0228_021:0661b22_10	』何以故？
T03D3790-3:73a-4	དེ་ནི་སྤྱོད་དོ་ཞེས་བགྱི་བར་ཡང་དག་པར་རྗེས་སུ་མི་མཐོང་། ཤེས་རབ་ཀྱི་ཕ་རོལ་ཏུ་ཕྱིན་པ་ཡང་དག་པར་རྗེས་སུ་མི་མཐོང་།	T08n0228_021:0661b15_19	雖如是行，亦不見我行般若波羅蜜多。
T03D3790-3:73a-6	བླ་ན་མེད་པ་ཡང་དག་པར་རྫོགས་པའི་བྱང་ཆུབ་ཏུ་མངོན་པར་རྫོགས་པར་འཚང་རྒྱའོ་ཞེས་བགྱི་བར་ཡང་དག་པར་རྗེས་སུ་མི་མཐོང་ངོ་༎ བཅོམ་ལྡན་འདས་བྱང་ཆུབ་སེམས་དཔའ་སེམས་དཔའ་ཆེན་པོ་ཤེས་རབ་ཀྱི་ཕ་རོལ་ཏུ་ཕྱིན་པ་ལ་སྤྱོད་པ་ནི་འདི་སྙམ་དུ་བདག་གིས་ཉན་ཐོས་ཀྱི་ས་དང་རང་སངས་རྒྱས་ཀྱི་ས་ནི་བསྲིང་བར་བྱ་སྟེ་། བདག་ནི་རྣམ་པ་ཐམས་ཅད་མཁྱེན་པ་ཉིད་དུ་ཉེ་བར་གྱུར་ཏོ་སྙམ་དུ་མི་བགྱིད་དོ་ཞེས་བྱ་བ་ནི་ངོ་བོ་ཉིད་ཀྱི་རྣམ་པར་རྟོག་པ་ཡིན་ནོ་།	T08n0228_021:0661b18_18	若如是不見所行般若波羅蜜多相故，是菩薩摩訶薩得近阿耨多羅三藐三菩提，即能遠離聲聞、緣覺之地，是行般若波羅蜜多。
T03D3790-3:73a-21	དེ་ཅིའི་སླད་དུ་ཞེ་ན་།	T08n0228_021:0661b24_11	』何以故？
T03D3790-3:73a-22	བཅོམ་ལྡན་འདས་སྒྱུ་མའི་སྐྱེས་བུ་ནི་རྣམ་པར་མི་རྟོག་པའི་སླད་དུ་སྟེ་།	T08n0228_021:0661b25_1	幻所化人無分別故。
T03D3790-3:73a-23	བཅོམ་ལྡན་འདས་དེ་བཞིན་དུ་བྱང་ཆུབ་སེམས་དཔའ་སེམས་དཔའ་ཆེན་པོ་ཤེས་རབ་ཀྱི་ཕ་རོལ་ཏུ་ཕྱིན་པ་ལ་སྤྱོད་པ་ཡང་འདི་ལྟར་བདག་ལས་ཉན་ཐོས་སམ་།	T08n0228_021:0661b25_17	般若波羅蜜多亦復如是，不作是念：
T03D3790-3:73b-0	བླ་ན་མེད་པ་ཡང་༄༧༣བ་དག་པར་རྫོགས་པའི་བྱང་ཆུབ་ནི་ཉེའོ་ཞེས་བགྱི་བར་མི་སེམས་སོ་༎	T08n0228_021:0661b27_1	『阿耨多羅三藐三菩提去我近，聲聞、緣覺地去我遠。
T03D3790-3:73a-16	བཅོམ་ལྡན་འདས་ཤེས་རབ་ཀྱི་ཕ་རོལ་ཏུ་ཕྱིན་པ་རྣམ་པར་མི་རྟོག་པའི་སླད་དུའོ་ཞེས་བྱ་བ་ནི་རིགས་ཀྱི་རྣམ་པར་རྟོག་པ་ཡིན་ནོ་།	T08n0228_021:0661b23_1	般若波羅蜜多無分別故。
T03D3790-3:73a-17	༎ ། བཅོམ་ལྡན་འདས་འདི་ལྟ་སྟེ་དཔེར་ན་སྒྱུ་མའི་སྐྱེས་བུ་ནི་འདི་ལྟར་བདག་ལས་སྒྱུ་མ་ནི་རིང་ངོ་༎	T08n0228_021:0661b23_12	又如幻所化人不作是念：
T03D3790-3:73a-18	སྒྱུ་མའི་མཁན་པོ་ནི་ཉེའོ་༎ སྐྱེ་བོའི་ཚོགས་འདི་ལྟར་འདུས་པ་ནི་བདག་ལས་རིང་ངོ་ཞེའམ་། ཉེའོ་ཞེས་བགྱི་བར་མི་སེམས་སོ་༎	T08n0228_021:0661b24_6	『彼幻師去我近，餘觀者去我遠。
T03D3790-3:73b-4	གཟུགས་བརྙན་ནི་འདི་ལྟར་བདག་ལས་དམིགས་པ་གང་གིས་གཟུགས་བརྙན་འབྱུང་བ་དེ་ནི་ཉེ་ལ་། གང་མེ་ལོང་དང་སྣོད་ཆུས་གང་བའི་ནང་དུ་འབྱུང་བ་དེ་ནི་བདག་ལས་རིང་ངོ་ཞེས་བགྱི་བར་མི་སེམས་སོ་༎	T08n0228_021:0661b29_2	『影所因者去我近，非所因者去我遠。
T03D3790-3:73b-6	དེ་ཅིའི་སླད་དུ་ཞེ་ན་།	T08n0228_021:0661b29_7	』何以故？
T03D3790-3:73b-7	བཅོམ་ལྡན་འདས་གཟུགས་བརྙན་རྣམ་པར་མི་རྟོག་པའི་སླད་དུ་སྟེ་།	T08n0228_021:0661b29_13	影無分別故。
T03D3790-3:73b-8	བཅོམ་ལྡན་འདས་དེ་བཞིན་དུ་བྱང་ཆུབ་སེམས་དཔའ་སེམས་དཔའ་ཆེན་པོ་ཤེས་རབ་ཀྱི་ཕ་རོལ་ཏུ་ཕྱིན་པ་ལ་སྤྱོད་པ་ཡང་འདི་ལྟར་བདག་ལ་ཉན་ཐོས་སམ་། བླ་ན་མེད་པ་ཡང་དག་པར་རྫོགས་པའི་བྱང་ཆུབ་ནི་ཉེའོ་ཞེས་བགྱི་བར་མི་སེམས་སོ་༎	T08n0228_021:0661c01_8	般若波羅蜜多亦復如是，不作是念： 『阿耨多羅三藐三菩提去我近，聲聞、緣覺地去我遠。
T03D3790-3:73b-1	དེ་ཅིའི་སླད་དུ་ཞེ་ན་།	T08n0228_021:0661b27_6	』何以故？
T03D3790-3:73b-2	བཅོམ་ལྡན་འདས་ཤེས་རབ་ཀྱི་ཕ་རོལ་ཏུ་ཕྱིན་པ་རྣམ་པར་མི་རྟོག་པའི་སླད་དུའོ་ཞེས་བྱ་བ་ནི་ཡང་དག་པར་སྒྲུབ་པའི་རྣམ་པར་རྟོག་པ་ཡིན་ནོ་།	T08n0228_021:0661b27_17	般若波羅蜜多無分別故。
T03D3790-3:73b-13	༎ ། བཅོམ་ལྡན་འདས་འདི་ལྟ་སྟེ་དཔེར་ན་། དེ་བཞིན་གཤེགས་པ་དགྲ་བཅོམ་པ་ཡང་དག་པར་རྫོགས་པའི་སངས་རྒྱས་ལ་ནི་སྡུག་པའམ་མི་སྡུག་པར་འགྱུར་བ་གང་ཡང་མ་མཆིས་སོ་༎	T08n0228_021:0661c04_2	又如如來於一切眾生無憎無愛。 何以故？ 如來一切憎愛斷故。
T03D3790-3:73b-16	བཅོམ་ལྡན་འདས་འདི་ལྟ་སྟེ་དཔེར་ན་།	T08n0228_021:0661c06_15	又如如來離諸分別。 何以故？
T03D3790-3:73b-17	དེ་བཞིན་གཤེགས་པ་དགྲ་བཅོམ་པ་ཡང་དག་པར་རྫོགས་པའི་སངས་རྒྱས་ནི་རྣམ་པར་རྟོག་པ་ཐམས་ཅད་སྤངས་པའོ་༎	T08n0228_021:0661c07_8	如來一切分別斷故。
T03D3790-3:73b-11	དེ་ཅིའི་སླད་དུ་ཞེ་ན་༏	T08n0228_021:0661c02_17	』何以故？
T03D3790-3:73b-12	བཅོམ་ལྡན་འདས་ཤེས་རབ་ཀྱི་ཕ་རོལ་ཏུ་ཕྱིན་པ་རྣམ་པར་མི་རྟོག་པའི་སླད་དུའོ་ཞེས་བྱ་བ་ནི་དམིགས་པའི་རྣམ་པར་རྟོག་པ་ཡིན་ནོ་།	T08n0228_021:0661c03_6	般若波羅蜜多無分別故。
T03D3790-3:73b-18	བཅོམ་ལྡན་འདས་དེ་བཞིན་དུ་བྱང་ཆུབ་སེམས་དཔའ་སེམས་དཔའ་ཆེན་པོ་ཤེས་རབ་ཀྱི་ཕ་རོལ་ཏུ་ཕྱིན་པ་ལ་སྤྱོད་པ་ཡང་རྣམ་པར་རྟོག་པ་ཐམས་ཅད་སྤང་བ་སྟེ་།	T08n0228_021:0661c08_6	般若波羅蜜多亦復如是，離諸分別。
T03D3790-3:73b-21	༎ ། བཅོམ་ལྡན་འདས་འདི་ལྟ་སྟེ་དཔེར་ན་། དེ་བཞིན་གཤེགས་པའི་སྤྲུལ་པ་ནི་འདི་ལྟར་ང་ལས་ཉན་ཐོས་ཀྱི་སའམ་།	T08n0228_021:0661c09_12	又如佛所化人不作是念：
T03D3790-3:73b-23	རང་སངས་རྒྱས་ཀྱི་ས་ནི་རིང་ངོ་། བླ་ན་༄༧༤ཨ་༌་༎ མེད་པ་ཡང་དག་པར་རྫོགས་པའི་བྱང་ཆུབ་ནི་ཉེའོ་ཞེས་བགྱི་བར་མི་དགོངས་སོ་༎	T08n0228_021:0661c10_16	『阿耨多羅三藐三菩提去我近，聲聞、緣覺地去我遠。
T03D3790-3:74a-2	དེ་ཅིའི་སླད་དུ་ཞེ་ན་།	T08n0228_021:0661c10_21	』何以故？
T03D3790-3:74a-3	བཅོམ་ལྡན་འདས་དེ་བཞིན་གཤེགས་པ་དང་དེ་བཞིན་གཤེགས་པའི་སྤྲུལ་པ་རྣམ་པར་མི་རྟོག་པའི་སླད་དུ་སྟེ་།	T08n0228_021:0661c11_6	化人無分別故。
T03D3790-3:73b-19	དེ་ཅིའི་སླད་དུ་ཞེ་ན་།	T08n0228_021:0661c08_10	何以故？
T03D3790-3:73b-20	བཅོམ་ལྡན་འདས་ཤེས་རབ་ཀྱི་ཕ་རོལ་ཏུ་ཕྱིན་པ་རྣམ་པར་མི་རྟོག་པའི་སླད་དུའོ་ཞེས་བྱ་བ་ནི་རང་གི་རྟོག་པའི་རྣམ་པར་རྟོག་པ་ཡིན་ནོ་།	T08n0228_021:0661c09_1	般若波羅蜜多無分別故。
T03D3790-3:91b-1	དེ་ནས་གནས་བརྟན་རབ་འབྱོར་གྱིས་ལྷའི་དབང་པོ་བརྒྱ་བྱིན་ལ་འདི་སྐད་ཅེས་སྨྲས་སོ་༎	T08n0228_021:0663b17_9	」時，尊者須菩提即謂帝釋天主言：
T03D3790-3:91b-2	ཀོཨོ་ཤི་ཀ་གང་ཁྱོད་ཀྱིས་འདི་སྐད་དུ་བཅོམ་ལྡན་འདས་བྱང་ཆུབ་སེམས་དཔའ་སེམས་དཔའ་ཆེན་པོ་ཆོས་ཟབ་མོ་འདི་དག་ལ་ནེམ་ནུར་དུ་མི་འགྱུར་། རྨོངས་པར་མི་འགྱུར་བ་ནི་དཀའ་བ་བགྱིད་པའོ་ཞེས་གསོལ་པ་ནི་།	T08n0228_021:0663b17_14	「憍尸迦！ 如汝所言，菩薩摩訶薩若聞此甚深法，不疑不悔不難不沒是為甚難者。
T03D3790-3:91b-4	ཀོཨོ་ཤི་ཀ་ཆོས་ཐམས་ཅད་སྟོང་པ་ཉིད་ཡིན་ན་དེ་ལ་ནེམ་ནུར་དུ་འགྱུར་བའམ་། རྨོངས་པར་འགྱུར་བ་ལྟ་སུ་ཞིག་ཡོད་།	T08n0228_021:0663b19_11	憍尸迦！ 於一切法空中，有何法可得疑悔難沒耶？
T03D3790-3:91b-6	བརྒྱ་བྱིན་གྱིས་སྨྲས་པ་།	T08n0228_021:0663b21_3	」帝釋天主白尊者須菩提言：
T03D3790-3:91b-7	གནས་བརྟན་རབ་འབྱོར་ནི་གང་ཅི་སྟོན་ཀྱང་དེ་ཐམས་ཅད་ནི་སྟོང་པ་ཉིད་ལས་བརྩམས་ཤིང་སྟོན་ཏེ་། ཅི་ལ་ཡང་ཆགས་པ་མེད་དོ་༎ འདི་ལྟ་སྟེ་དཔེར་ན་བར་སྣང་ལ་འཕངས་པའི་མདའ་ནི་ཅི་ལ་ཡང་ཆགས་པ་མེད་དོ་༎ དེ་བཞིན་དུ་གནས་བརྟན་རབ་འབྱོར་གྱིས་ཆོས་བསྟན་པ་ཡང་ཅི་ལ་ཡང་ཆགས་པ་མེད་དོ་༎	T08n0228_021:0663b23_5	「尊者有所樂說皆因於空，而於是中亦無所礙，譬如仰射虛空箭去無礙，尊者所說無礙亦然。
T03D3790-3:91b-11	དེ་ནས་ལྷའི་དབང་པོ་བརྒྱ་བྱིན་གྱིས་བཅོམ་ལྡན་འདས་ལ་འདི་སྐད་ཅེས་གསོལ་ཏོ་༎	T08n0228_021:0663b23_20	」帝釋天主作是說已，即白佛言：
T03D3790-3:93a-24	མི་མཉམ་པ་དང་མཉམ་པ་ཞེས་བྱའོ་༎ ཀོཨོ་ཤི་ཀ་དེ་བས་ན་བྱང་ཆུབ་སེམས་དཔའ་སེམས་དཔའ་ཆེན་པོ་སེམས་ཅན་ཐམས་ཅད་ཀྱི་མཆོག་ཏུ་འགྱུར་བར་འདོད་པས་འདི་ལྟ་སྟེ་ཤེས་རབ་ཀྱི་ཕ་རོལ་ཏུ་ཕྱིན་པའི་རྣམ་པར་སྤྱོད་པ་འདི་ཉིད་ཀྱིས་རྣམ་པར་སྤྱད་པར་བྱའོ་༎ དེ་ཅིའི་ཕྱིར་ཞེ་ན་། ཀོཨོ་ཤི་ཀ་ཤེས་རབ་ཀྱི་ཕ་རོལ་ཏུ་ཕྱིན་པ་འདི་ལ་སྤྱོད་པའི་བྱང་ཆུབ་སེམས་དཔའ་སེམས་དཔའ་ཆེན་པོ་ནི་ཉན་ཐོས་དང་རང་སངས་རྒྱས་ཀྱི་ས་༄༩༣བ་ལས་འདས་ཏེ་།	T08n0228_021:0663c13_18	憍尸迦！ 唯除如來所行，餘諸菩薩摩訶薩行是般若波羅蜜多行者，於一切行中最上最大最勝最妙、無上中無上、無等無等等，非一切聲聞、緣覺而能等比。
T03D3790-3:93b-6	༎ ། དེ་ནས་འཁོར་དེའི་ནང་ནས་སུམ་ཅུ་རྩ་གསུམ་གྱི་ལྷ་རྣམས་ཀྱིས་མེ་ཏོག་མན་དའ་ར་བ་མང་པོ་ཐོགས་ཏེ་། བཅོམ་ལྡན་འདས་ལ་གཏོར་ཏོ་༎ མངོན་པར་གཏོར་ཏོ་༎ རབ་ཏུ་གཏོར་ཏོ་༎	T08n0228_021:0663c24_2	」28 散華緣品散華緣品第二十八之一爾時，復有三十三天諸天子眾，各各持以曼陀羅華、摩訶曼陀羅華，來詣佛所而散是華。
T03D3790-3:74a-4	བཅོམ་ལྡན་འདས་དེ་བཞིན་དུ་བྱང་ཆུབ་སེམས་དཔའ་སེམས་དཔའ་ཆེན་པོ་ཤེས་རབ་ཀྱི་ཕ་རོལ་ཏུ་ཕྱིན་པ་ལ་སྤྱོད་པའང་འདི་ལྟར་བདག་ལས་ཉན་ཐོས་ཀྱི་སའམ་།	T08n0228_021:0661c12_3	般若波羅蜜多亦復如是，不作是念：
T03D3790-3:91a-14	དེ་ཅིའི་སླད་དུ་ཞེ་ན་། བཅོམ་ལྡན་འདས་དེ་བཞིན་ཉིད་ལ་གནས་པ་ཞེས་བགྱི་བ་ནི་འགའ་ཡང་མ་མཆིས་ཏེ་། བླ་ན་མེད་པ་ཡང་དག་པར་རྫོགས་པའི་བྱང་ཆུབ་ཏུ་མངོན་པར་རྫོགས་པར་འཚང་རྒྱ་བར་ཡང་འགའ་ཡང་མ་མཆིས་། ཆོས་སྟོན་པ་ཡང་འགའ་ཡང་མ་མཆིས་མོད་ཀྱི་།	T08n0228_021:0663b11_11	如中尚無法可得，何況有說法者。 」爾時，帝釋天主白佛言： 「世尊！
T03D3790-3:93b-16	དེ་ལྟར་འཐོར་ཞིང་མངོན་པར་འཐོར་བ་དང་། རབ་ཏུ་འཐོར་བའི་ཚེ་ཚིག་འདི་སྐད་ཅེས་བརྗོད་དེ་།	T08n0228_021:0663c28_8	華散佛已，咸作是言：
T03D3790-3:93b-17	བཅོམ་ལྡན་འདས་དགེ་བའི་རྩ་བ་འདིས་ཉན་ཐོས་དང་། རང་སངས་རྒྱས་ཐམས་ཅད་ཀྱི་སྤྱོད་ཡུལ་མ་ལགས་པའི་གནས་དམ་པས་བདག་ཅག་གནས་པར་གྱུར་ཅིག་ཅེས་སྨྲས་པ་དང་། དེ་ནས་བཅོམ་ལྡན་འདས་ཀྱིས་དགེ་སླང་དེ་དག་གི་བསམ་པ་ཐུགས་སུ་ཆུད་དེ་དེའི་ཚེ་འཛུམ་པ་མཛད་དོ་༎	T08n0228_021:0663c28_12	「世尊！ 我等皆修是般若波羅蜜多，皆行如是無上勝行。
T03D3790-3:93b-18	སངས་རྒྱས་བཅོམ་ལྡན་འདས་རྣམས་ཀྱི་ཆོས་ཉིད་ཀྱིས་ཀྱང་དེ་སྟེ་། དེ་ལྟར་འཛུམ་པ་མཛད་པའི་ཚེ་བཅོམ་ལྡན་འདས་ཀྱི་ཞལ་གྱི་སྒོ་ནས་འདི་ལྟ་སྟེ་། འོད་ཟེར་སྔོན་པོ་དང་། སེར་པོ་དང་། དམར་པོ་དང་། དཀར་པོ་དང་། ལེ་བརྒན་དང་། ཤེལ་༄༩༤ཨ་༌་༎ དང་༏་དངུལ་གྱི་ཁ་དོག་ལྟ་བུ་རྣམ་པ་སྣ་ཚོགས་བྱུང་སྟེ་དེ་དག་གིས་སྟོང་གསུམ་གྱི་སྟོང་ཆེན་པོའི་འཇིག་རྟེན་གྱི་ཁམས་སྣང་བས་རྒྱས་པར་བཀང་ནས་ཕྱིར་འདུས་ཏེ་། བཅོམ་ལྡན་འདས་ལ་ལན་གསུམ་དུ་ག-ཡས་ཕྱོགས་ནས་བསྐོར་བ་བྱས་ནས་བཅོམ་ལྡན་འདས་ཀྱི་དབུའི་གཙུག་ཏུ་ནུབ་བོ་༎	T08n0228_021:0664a04_5	」爾時，世尊即從口門放大光明，所謂青黃赤白等種種色光，遍照無量無邊佛剎乃至梵界，普遍照耀已，其光旋還繞佛三匝，却從世尊頂門而入。
T03D3790-3:93b-10	དགེ་སློང་བརྒྱ་ཕྲག་དྲུག་ཅུ་རྩམ་ཡང་སྟན་ལས་ལངས་ནས་ཆོས་གོས་ཕྲག་པ་གཅིག་ལ་གཟར་ཏེ་། པུས་མོ་ག-ཡས་པའི་ལྷ་ང་ས་ལ་བཙུགས་ནས་། བཅོམ་ལྡན་འདས་ག་ལ་བ་དེ་ལོགས་སུ་ཐལ་མོ་སྦྱར་བ་བཏུད་ནས་བཅོམ་ལྡན་འདས་ལ་མིག་མི་འཛུམས་པར་བལྟ་ཞིང་ཕྱག་འཚལ་ལོ་༎	T08n0228_021:0663c25_15	即時會中有六萬苾芻俱從座起，偏袒右肩右膝著地，合掌恭敬住立佛前。
T03D3790-3:93b-13	དགེ་སློང་དེ་དག་གིས་ཐལ་མོ་སྦྱར་ཏེ་བཏུད་པའི་ཚེ་སངས་རྒྱས་ཀྱི་མཐུས་སྙིམ་པ་མེ་ཏོག་མན་དའ་ར་བས་གང་བར་གྱུར་ནས་མན་དའ་ར་བ་དེ་དག་གིས་དེ་བཞིན་གཤེགས་པ་དགྲ་བཅོམ་པ་ཡང་དག་པར་རྫོགས་པའི་སངས་རྒྱས་ལ་གཏོར་ཏོ་༎ མངོན་པར་གཏོར་ཏོ་༎ རབ་ཏུ་གཏོར་ཏོ་༎	T08n0228_021:0663c27_18	時，諸苾芻以佛威神力故，各各掌中自然盈滿曼陀羅華、摩訶曼陀羅華，即以此華散於佛上。
T03D3790-3:94a-9	ཀུན་དགའ་བོ་དགེ་སློང་བརྒྱ་ཕྲག་དྲུག་ཅུ་པོ་འདི་དག་བསྐལ་པ་དཔེ་སྐར་མ་ལྟ་བུ་ལ་བླ་ན་མེད་པ་ཡང་དག་པར་རྫོགས་པའི་བྱང་ཆུབ་ཏུ་མངོན་པར་རྫོགས་པར་འཚང་རྒྱ་སྟེ་། མེ་ཏོག་སིལ་མ་ཞེས་བྱ་བའི་དེ་བཞིན་གཤེགས་པ་དགྲ་བཅོམ་པ་ཡང་དག་པར་རྫོགས་པའི་སངས་རྒྱས་ཤ་སྟག་འཇིག་རྟེན་དུ་འབྱུང་བར་འགྱུར་རོ་༎	T08n0228_021:0664a10_11	「汝今當知，此六萬苾芻，於未來世星宿劫中皆得成佛，同名散華如來、應供、正等正覺，出現世間。
T03D3790-3:94a-11	ཀུན་དགའ་བོ་མེ་ཏོག་སིལ་མ་ཞེས་བྱ་བའི་དེ་བཞིན་གཤེགས་པ་དགྲ་བཅོམ་པ་ཡང་དག་པར་རྫོགས་པའི་སངས་རྒྱས་དེ་དག་གི་དགེ་སློང་གི་དགེ་འདུན་མཚུངས་པར་འགྱུར་། སངས་རྒྱས་ཀྱི་ཞིང་མཚུངས་པར་འགྱུར་། ཚེའི་ཚད་ཀྱང་འདི་ལྟ་སྟེ་ལོ་སྟོང་དུ་མཚུངས་པར་འགྱུར་ཏེ་།	T08n0228_021:0664a11_17	是諸如來所有壽量二萬劫數皆悉同等，正法住世亦二萬劫。 是諸佛會有聲聞眾，彼彼數量亦復相等。 阿難！
T03D3790-3:94a-3	དེ་ནས་ཚེ་དང་ལྡན་པ་ཀུན་དགའ་བོ་སྟན་ལས་ལངས་ནས་བླ་གོས་ཕྲག་པ་གཅིག་ཏུ་བྱས་ཏེ་། པུས་མོ་ག-ཡས་པའི་ལྷ་ང་ས་ལ་བཙུགས་ནས་བཅོམ་ལྡན་འདས་ག་ལ་བ་དེ་ལོགས་སུ་ཐལ་མོ་སྦྱར་བ་བཏུད་དེ་། བཅོམ་ལྡན་འདས་ལ་འདི་སྐད་ཅེས་གསོལ་ཏོ་༎	T08n0228_021:0664a06_10	爾時，尊者阿難即從座起，偏袒右肩右膝著地，合掌向佛作如是言：
T03D3790-3:94a-6	བཅོམ་ལྡན་འདས་དེ་བཞིན་གཤེགས་པ་དགྲ་བཅོམ་པ་ཡང་དག་པར་རྫོགས་པའི་སངས་རྒྱས་རྣམས་ནི་རྒྱུ་དང་རྐྱེན་མ་མཆིས་པར་འཛུམ་པ་མི་མཛད་ན་། འཛུམ་པ་མཛད་པའི་རྒྱུ་ཅི་ལགས་རྐྱེན་ཅི་ལགས་ཞེས་གསོལ་ཏོ་༎	T08n0228_021:0664a06_20	「何因何緣放斯光明？ 若無因緣，如來、應供、正等正覺不放光明。
T03D3790-3:94a-8	དེ་སྐད་ཅེས་གསོལ་པ་དང་། བཅོམ་ལྡན་འདས་ཀྱིས་ཚེ་དང་ལྡན་པ་ཀུན་དགའ་བོ་ལ་འདི་སྐད་ཅེས་བཀའ་སྩལ་ཏོ་༎	T08n0228_021:0664a08_6	」佛告尊者阿難言：
T03D3790-3:94a-14	དེ་དག་གང་དང་གང་ནས་མངོན་པར་འབྱུང་བར་འགྱུར་བ་དང་། མངོན་པར་བྱུང་ནས་རབ་ཏུ་འབྱུང་བ་དང་། རབ་ཏུ་བྱུང་ནས་བླ་ན་མེད་པ་ཡང་དག་པར་རྫོགས་པའི་བྱང་ཆུབ་ཏུ་མངོན་པར་རྫོགས་པར་འཚང་རྒྱ་བ་དེ་དང་དེ་དག་ཏུ་མེ་ཏོག་ཁ་དོག་རྣམ་པ་ལྔ་དང་ལྡན་པའི་མེ་ཏོག་གི་ཆར་མངོན་པར་འབབ་པར་འགྱུར་རོ་༎	T08n0228_021:0664a17_12	當知此六萬苾芻從是已後在在所生，於佛法中出家修道，所向方處王城聚落，悉以正法為人演說，隨說法處彼彼世界，常雨五色種種妙華而為供養，是諸苾芻在在處處作大利益，乃至最後得成正覺。
T03D3790-3:94b-0	ཀུན་དགའ་བོ་དེ་བས་ན་བྱང་ཆུབ་སེམས་དཔའ་སེམས་དཔའ་ཆེན་པོ་རྣམ་པར་སྤྱོད་པའི་དམ་པས་སྤྱོད་༄༩༤བ་པར་འདོད་པས་ཤེས་རབ་ཀྱི་ཕ་རོལ་ཏུ་ཕྱིན་པ་འདི་ལ་སྤྱད་པར་བྱའོ་༎	T08n0228_021:0664a17_18	是故，阿難！ 若菩薩摩訶薩樂欲行彼最上行者，應當行是般若波羅蜜多。
T03D3790-3:96a-3	ཚིག་དང་། འབྲུ་ཤིན་ཏུ་རྫོགས་པ་དང་། ངེས་པའི་ཚིག་ལེགས་པར་ཤིན་ཏུ་ཟིན་པར་བྱའོ་༎ ཀུན་དགའ་བོ་རིགས་ཀྱི་བུའམ་རིགས་ཀྱི་བུ་མོ་གང་ལ་ལ་ཤེས་རབ་ཀྱི་ཕ་རོལ་ཏུ་ཕྱིན་པ་ཟབ་མོ་འདི་འཛིན་པ་དང་། འཆང་བ་དང་། ཀློག་པ་དང་༏་ཀུན་ཆུབ་པར་བྱེད་པ་དེ་ནི་འདས་པ་དང་། མ་བྱོན་པ་དང་།	T08n0228_021:0664b14_8	於我所說一切法中，唯除般若波羅蜜多不可忘失。 若有人受持此法門時，乃至一字一句錯悞忘失者，其罪甚重，是人不令我心生喜；
T03D3790-3:94b-2	ཡིན་ནོ་༎ ཀུན་དགའ་བོ་རིགས་ཀྱི་བུའམ་རིགས་ཀྱི་བུ་མོ་གང་ཤེས་རབ་ཀྱི་ཕ་རོལ་ཏུ་ཕྱིན་པ་ཟབ་མོ་འདི་ལ་སྤྱོད་པའི་རིགས་ཀྱི་བུ་དང་། རིགས་ཀྱི་བུ་མོ་དེས་འདི་ལྟར་བདག་ནི་མིའི་ནང་ནས་ཤི་འཕོས་ནས་འདིར་སྐྱེས་པའམ་།	T08n0228_021:0664a21_7	若能行是般若波羅蜜多者，當知皆從人間命終，或知足天命終已後而來生此。
T03D3790-3:94b-6	ཀུན་དགའ་བོ་བྱང་ཆུབ་སེམས་དཔའ་སེམས་དཔའ་ཆེན་པོ་གང་ཤེས་རབ་ཀྱི་ཕ་རོལ་ཏུ་ཕྱིན་པ་ཟབ་མོ་འདི་ལ་སྤྱོད་པ་དེ་དག་དེ་བཞིན་གཤེགས་པས་རྣམ་པར་གཟིགས་པར་བལྟ་སྟེ་།	T08n0228_021:0664a22_17	又復，阿難！ 若菩薩摩訶薩行此般若波羅蜜多者，當知是菩薩摩薩常得諸佛共所觀察。
T03D3790-3:94b-7	ཀུན་དགའ་བོ་རིགས་ཀྱི་བུའམ་། རིགས་ཀྱི་བུ་མོ་ལ་ལ་ཞིག་ཤེས་རབ་ཀྱི་ཕ་རོལ་ཏུ་ཕྱིན་པ་ཟབ་མོ་འདི་ཉན་པ་དང་། ཐོས་ནས་ཀྱང་འཛིན་པ་དང་། འཆང་བ་དང་། ཀློག་པ་དང་། ཀུན་ཆུབ་པར་བྱེད་པ་དང་། ཚུལ་བཞིན་དུ་ཡིད་ལ་བྱེད་པ་དང་། གང་ཟག་བྱང་ཆུབ་སེམས་དཔའི་ཐེག་པ་པ་རྣམས་ལ་ཤེས་རབ་ཀྱི་ཕ་རོལ་ཏུ་ཕྱིན་པ་ཟབ་མོ་འདི་སྟོན་ཞིང་རྗེས་སུ་འདོམས་པའི་གང་ཟག་བྱང་ཆུབ་སེམས་དཔའི་ཐེག་པ་པ་དེས་བདག་གིས་དེ་བཞིན་གཤེགས་པ་དགྲ་བཅོམ་པ་ཡང་དག་པར་རྫོགས་པའི་སངས་རྒྱས་རྣམས་ལས་ཤེས་རབ་ཀྱི་ཕ་རོལ་ཏུ་ཕྱིན་པ་ཟབ་མོ་འདི་ཐོས་པར་འགྱུར་། བཟུང་པ་དང་། བཅངས་པ་དང་། བཀླགས་པ་དང་། ཀུན་ཆུབ་པར་བྱས་པ་གྱུར་ཏེ་། དེ་བཞིན་གཤེགས་པ་དགྲ་བཅོམ་པ་ཡང་དག་པར་རྫོགས་པའི་སངས་རྒྱས་དེ་དག་ལ་ཡང་དགེ་བའི་རྩ་བ་མང་པོ་བསྐྱེད་པར་གྱུར་ཏོ་ཞེས་བྱ་བར་རྟོགས་པར་རིག་པར་བྱ་སྟེ་། ཀུན་དགའ་བོ་རིགས་ཀྱི་བུའམ་། རིགས་ཀྱི་བུ་མོ་དེས་བདག་གིས་ནི་ཉན་ཐོས་རྣམས་ལ་དགེ་བའི་རྩ་བ་མ་བསྐྱེད་། ཉན་ཐོས་རྣམས་ལས་༄༩༥ཨ་༌་༎	T08n0228_021:0664a24_17	又復，阿難！
T03D3790-3:95a-1	ཤེས་རབ་ཀྱི་ཕ་རོལ་ཏུ་ཕྱིན་པ་ཟབ་མོ་འདི་ཐོས་པ་མ་ཡིན་ནོ་ཞེས་བྱ་བར་རིག་པར་བྱའོ་༎ ཀུན་དགའ་བོ་རིགས་ཀྱི་བུའམ་རིགས་ཀྱི་བུ་མོ་གང་ལ་ལ་ཤེས་རབ་ཀྱི་ཕ་རོལ་ཏུ་ཕྱིན་པ་ཟབ་མོ་འདི་འཛིན་པ་དང་། འཆང་བ་དང་། ཀློག་པ་དང་། ཀུན་ཆུབ་པར་བྱེད་པ་དང་། དོན་དང་ཆོས་དང་ཡི་གེ་དང་མཐུན་པར་ཁོང་དུ་ཆུད་པར་བྱེད་ན་། ཀུན་དགའ་བོ་རིགས་ཀྱི་བུའམ་རིགས་ཀྱི་བུ་མོ་དེས་བདག་ལ་ནི་དེ་བཞིན་གཤེགས་པ་དགྲ་བཅོམ་པ་ཡང་དག་པར་རྫོགས་པའི་སངས་རྒྱས་མངོན་དུ་གྱུར་ཏོ་ཞེས་བྱ་བར་རྟོགས་པར་རིག་པར་བྱའོ་༎	T08n0228_021:0664a27_18	若菩薩摩訶薩於此般若波羅蜜多法門，受持讀誦、記念思惟乃至書寫已，復為他人如理表示、如實教授、如所利益、如理生喜。
T03D3790-3:96a-0	ཀུན་དགའ་བོ་དེ་བས་ན་ཤེས་རབ་ཀྱི་ཕ་རོལ་ཏུ་ཕྱིན་པ་ཟབ་མོ་༄༩༦ཨ་༌་༎ འདི་ཁྱོད་ལ་གཏད་ཀྱིས་། ཅི་ནས་ཀྱང་གཟུང་བ་དང་། བཅང་བ་དང་། བཀླག་པ་དང་། ཀུན་ཆུབ་པར་བྱ་བ་དང་། ཤིན་ཏུ་ཡིད་ལ་བཟུང་བ་གྱིས་ཤིག་། ལེགས་པར་ཡོངས་སུ་ཟིན་པ་དང་། ལེགས་པར་ཀུན་ཆུབ་པ་དང་། ལེགས་པར་བཅང་བར་གྱིས་ཤིག་། ཡི་གེ་དང་།	T08n0228_021:0664b09_18	是故，阿難！ 我今於一切世間天、人、阿修羅眾中，以是般若波羅蜜多正法囑累於汝，汝當於此般若波羅蜜多正法，憶念受持宣通流布，令得久住而不斷滅。 阿難！
T03D3790-3:96a-6	ཀུན་དགའ་བོ་རིགས་ཀྱི་བུའམ་རིགས་ཀྱི་བུ་མོ་གང་ལ་ལ་ཤེས་རབ་ཀྱི་ཕ་རོལ་ཏུ་ཕྱིན་པ་ཟབ་མོ་འདི་འཛིན་པ་དེས་ནི་འདས་པ་དང་། མ་བྱོན་པ་དང་། ད་ལྟར་བྱུང་བའི་སངས་རྒྱས་བཅོམ་ལྡན་འདས་རྣམས་ཀྱི་བྱང་ཆུབ་མཐུན་པར་ཡོངས་སུ་གཟུང་བར་འགྱུར་རོ་༎ ཀུན་དགའ་བོ་མངོན་དུ་གྱུར་པ་གང་ང་ལ་མེ་ཏོག་དང་། ཕྲེང་བ་དང་། སྤོས་དང་། བྱུག་པ་དང་། ཕྱེ་མ་དང་། ན་བཟའ་དང་། གདུགས་དང་༏་རྒྱལ་མཚན་དང་། བ་དན་གྱིས་རིམ་གྲོར་བྱ་བ་དང་།	T08n0228_021:0664b20_19	若人於此法門，不生尊重恭敬、不能瞻禮供養者，當知是人於過去未來現在諸佛世尊，不生尊重恭敬，不能瞻禮供養，是人不令我心生喜。 何以故？ 般若波羅蜜多即是過去未來現在佛母，出生諸佛及一切智。 是故，阿難！
T03D3790-3:96a-9	བཅང་བར་བྱ་། བཀླག་པར་བྱ་། ཀུན་ཆུབ་པར་བྱའོ་༎	T08n0228_021:0664b24_17	若此正法欲斷滅時，汝當受持宣通流布使不斷滅。
T03D3790-3:96b-5	ཟོས་པར་གྱིས་ཤིག་། ཀུན་དགའ་བོ་ངས་ཤེས་རབ་ཀྱི་ཕ་རོལ་ཏུ་ཕྱིན་པ་ཟབ་མོ་འདི་གཏད་པར་བརྩམས་ཏེ་། ཁྱོད་ལ་ཤིན་ཏུ་མང་དུ་བསྟན་པ་ཡང་མདོར་ན་ཀུན་དགའ་བོ་ཁྱོད་ལ་ངས་ཇི་ལྟར་སྟོན་པར་འགྱུར་བ་དེ་བཞིན་དུ་ཤེས་རབ་ཀྱི་ཕ་རོལ་ཏུ་ཕྱིན་པ་འདི་ཡང་ཁྱོད་ཀྱིས་སྟོན་པ་ཡིན་གྱིས་ཀུན་དགའ་བོ་དེ་བས་ན་ངས་ཁྱོད་ལ་ཚད་མེད་པར་གཏད་པས་ཤེས་རབ་ཀྱི་ཕ་རོལ་ཏུ་ཕྱིན་པ་ཟབ་མོ་འདི་ཡོངས་སུ་གཏད་དེ་།	T08n0228_021:0664c05_17	阿難！ 我今以是囑累因緣付囑於汝，但且略說，欲廣說者若一劫若過一劫，乃至百千俱胝劫數說不能盡。 又復，阿難！
T03D3790-3:96a-12	ཤེས་རབ་ཀྱི་ཕ་རོལ་ཏུ་ཕྱིན་པ་ཟབ་མོ་འདི་བཟུང་སྟེ་བཅངས་ནས་། བཀླགས་ཤིང་ཀུན་ཆུབ་པར་བྱས་ཏེ་། མེ་ཏོག་དང་། ཕྲེང་བ་དང་། སྤོས་དང་། བྱུག་པ་དང་། ཕྱེ་མ་དང་། ན་བཟའ་དང་། གདུགས་དང་། རྒྱལ་མཚན་དང་། བ་དན་གྱིས་རིམ་གྲོར་བྱ་། བཀུར་སྟིར་བྱ་། བསྟི་སྟང་དུ་བྱ་། མཆོད་པར་བྱའོ་༎	T08n0228_021:0664b27_10	又復，汝於此法所有文字章句，分明記憶無令忘失，如理作意思惟修習，廣為他人解釋其義，勸令受持讀誦書寫。 何以故？ 此般若波羅蜜多即是過去未來現在諸佛法身故。
T03D3790-3:96a-18	ཤེས་རབ་ཀྱི་ཕ་རོལ་ཏུ་ཕྱིན་པ་ལ་རིམ་གྲོ་དང་། བཀུར་སྟི་དང་། བསྟི་སྟང་དང་། མཆོད་པར་བྱས་ན་དེས་ནི་ང་ཡང་མཆོད་པར་འགྱུར་། འདས་པ་དང་། མ་བྱོན་པ་དང་། ད་ལྟར་བྱུང་བའི་སངས་རྒྱས་བཅོམ་ལྡན་འདས་རྣམས་ཀྱང་མཆོད་༄༩༦བ་པར་འགྱུར་རོ་༎ ཀུན་དགའ་བོ་གང་ལ་ལ་ཤེས་རབ་ཀྱི་ཕ་རོལ་ཏུ་ཕྱིན་པ་ཟབ་མོ་འདི་བསྟན་པ་ལ་རིམ་གྲོ་དང་། དགའ་བ་དང་། མོས་བ་སྐྱེས་པ་དེས་ནི་འདས་པ་དང་། མ་བྱོན་པ་དང་། ད་ལྟར་བྱུང་བའི་སངས་རྒྱས་བཅོམ་ལྡན་འདས་རྣམས་ལ་རིམ་གྲོ་དང་། དགའ་བ་དང་། མོས་པ་སྐྱེ་བར་འགྱུར་རོ་༎	T08n0228_021:0664b29_2	又復，阿難！ 若人於我生歡喜心、尊重恭敬瞻禮供養者，是人即以此心，當於般若波羅蜜多法門尊重恭敬瞻禮供養，即同供養於我，亦同供養過去未來現在諸佛。
T03D3790-3:96b-3	ཀུན་དགའ་བོ་གལ་ཏེ་ཁྱོད་ང་ལ་སྡུག་ཅིང་ཡིད་དུ་འོང་བ་ཡོངས་སུ་མི་གཏང་ཞེ་ན་། ཀུན་དགའ་བོ་ཁྱོད་ཀྱིས་ཤེས་རབ་ཀྱི་ཕ་རོལ་ཏུ་ཕྱིན་པ་འདི་སྡུག་པ་དང་ཡིད་དུ་འོང་བ་ཡོངས་སུ་མི་བཏང་བ་གྱིས་ཤིག་། ཅི་ནས་ཀྱང་ཤེས་རབ་ཀྱི་ཕ་རོལ་ཏུ་ཕྱིན་པ་ཟབ་མོ་འདི་ལས་ཚིག་འགའ་ཡང་ཁྱོད་ཀྱིས་ཆུད་མ	T08n0228_021:0664c03_16	又復，阿難！ 若人於我愛樂不捨者，當於般若波羅蜜多愛樂不捨，憶念受持宣通流布使不斷滅。
T03D3790-3:96b-8	ཀུན་དགའ་བོ་དེ་བས་ན་ལྷ་དང་། མི་དང་། ལྷ་མ་ཡིན་དུ་བཅས་པའི་འཇིག་རྟེན་གྱི་མདུན་དུ་བརྗོད་དོ་༏་། སུས་སངས་རྒྱས་ཡོངས་སུ་མ་བཏང་བ་དང་། ཆོས་ཡོངས་སུ་མ་བཏང་བ་དང་། དགེ་འདུན་ཡོངས་སུ་མ་བཏང་བ་དང་། འདས་པ་དང་། མ་བྱོན་པ་དང་། ད་ལྟར་བྱུང་བའི་སངས་རྒྱས་བཅོམ་ལྡན་འདས་རྣམས་ཡོངས་སུ་མ་བཏང་བ་དང་།	T08n0228_021:0664c10_1	所有過去未來現在諸佛世尊，於一切世間天、人、阿修羅眾中而為大師。 般若波羅蜜多亦復如是，於一切世間天、人、阿修羅眾中而為大師。
T03D3790-3:97a-3	དེ་ཅིའི་ཕྱིར་ཞེ་ན་།	T08n0228_021:0664c18_6	何以故？
T03D3790-3:97a-4	ཀུན་དགའ་བོ་ཤེས་རབ་ཀྱི་ཕ་རོལ་ཏུ་ཕྱིན་པ་ལས་བྱུང་བ་ནི་སངས་རྒྱས་བཅོམ་ལྡན་འདས་རྣམས་ཀྱི་བླ་ན་མེད་པ་ཡང་དག་པར་རྫོགས་པའི་བྱང་ཆུབ་སྟེ་།	T08n0228_021:0664c19_14	所有諸佛阿耨多羅三藐三菩提，皆從般若波羅蜜多所出生故。
T03D3790-3:96b-11	ཀུན་དགའ་བོ་རིགས་ཀྱི་བུའམ་རིགས་ཀྱི་བུ་མོ་གང་ལ་ལ་ཤེས་རབ་ཀྱི་ཕ་རོལ་ཏུ་ཕྱིན་པ་ཟབ་མོ་འདི་འཛིན་པ་དང་། འཆང་བ་དང་། ཀློག་པ་དང་། འཕེལ་བར་བྱེད་པ་དང་། ཀུན་ཆུབ་པར་བྱེད་པ་དང་། ཚུལ་བཞིན་དུ་ཡིད་ལ་བྱེད་པ་དང་། གཞན་ལ་ཡང་ཤེས་རབ་ཀྱི་ཕ་རོལ་ཏུ་ཕྱིན་པ་ཟབ་མོ་འདི་རྣམ་གྲངས་དུ་མར་རྒྱ་ཆེར་པ་དང་། སྟོན་པ་དང་། ༄༩༧ཨ་༌་༎	T08n0228_021:0664c13_12	又復，阿難！ 若人不離此般若波羅蜜多法門，能於其中受持讀誦、記念思惟、為人演說乃至書寫者，此即是我所行教化。
T03D3790-3:97b-0	དེ་ཅིའི་ཕྱིར་ཞེ་༄༩༧བ་ན་༏	T08n0228_021:0664c29_2	何以故？
T03D3790-3:97a-5	ཀུན་དགའ་བོ་འདས་པའི་དུས་ཀྱི་དེ་བཞིན་གཤེགས་པ་དགྲ་བཅོམ་པ་ཡང་དག་པར་རྫོགས་པའི་སངས་རྒྱས་གང་ཇི་སྙེད་ཅིག་བྱུང་བའི་སངས་རྒྱས་བཅོམ་ལྡན་འདས་དེ་དག་གི་བླ་ན་མེད་པ་ཡང་དག་པར་རྫོགས་པའི་བྱང་ཆུབ་ཀྱང་ཤེས་རབ་ཀྱི་ཕ་ཀུན་དགའ་བོ་མ་འོངས་པའི་དུས་ཀྱི་དེ་བཞིན་གཤེགས་པ་དགྲ་བཅོམ་པ་ཡང་དག་པར་རྫོགས་པའི་སངས་རྒྱས་གང་ཇི་སྙེད་ཅིག་བྱུང་བའི་སངས་རྒྱས་བཅོམ་ལྡན་འདས་དེ་དག་གི་བླ་ན་མེད་པ་ཡང་དག་པར་རྫོགས་པའི་བྱང་ཆུབ་ཀྱང་ཤེས་རབ་ཀྱི་ཕ་རོལ་ཏུ་ཕྱིན་པ་འདི་ཉིད་ལས་འབྱུང་བར་འགྱུར་རོ་༏	T08n0228_021:0664c19_17	阿難！ 若過去諸佛如來、應供、正等正覺阿耨多羅三藐三菩提，皆從是般若波羅蜜多生。 若未來諸佛如來、應供、正等正覺阿耨多羅三藐三菩提，亦從是般若波羅蜜多生。
T03D3790-3:97a-9	། ཀུན་དགའ་བོ་ད་ལྟར་བྱུང་བའི་དུས་ན་ཤར་ཕྱོགས་དང་། ལྷོ་དང་། ནུབ་དང་། བྱང་དང་། བྱང་ཤར་དང་། ཤར་ལྷོ་དང་། ལྷོ་ནུབ་དང་། ནུབ་བྱང་དང་། འོག་དང་། སྟེང་གི་འཇིག་རྟེན་གྱི་ཁམས་གྲངས་མེད་ཚད་མེད་དཔག་ཏུ་མེད་པ་དག་ན་དེ་བཞིན་གཤེགས་པ་དགྲ་བཅོམ་པ་ཡང་དག་པར་རྫོགས་པའི་སངས་རྒྱས་གང་ཇི་སྙེད་ཅིག་བཞུགས་ཤིང་འཚོ་སྐྱོང་བ་དང་། ཆོས་སྟོན་པའི་སངས་རྒྱས་བཅོམ་ལྡན་འདས་དེ་དག་གི་བླ་ན་མེད་པ་ཡང་དག་པར་རྫོགས་པའི་བྱང་ཆུབ་ཀྱང་ཤེས་རབ་ཀྱི་ཕ་རོལ་ཏུ་ཕྱིན་པ་འདི་ཉིད་ལས་བྱུང་ངོ་༎	T08n0228_021:0664c26_4	于今現在十方無量阿僧祇世界現住說法者如來、應供、正等正覺阿耨多羅三藐三菩提，亦從是般若波羅蜜多生。
T03D3790-3:97a-11	ཀུན་དགའ་བོ་དེ་བས་ན་བླ་ན་མེད་པ་ཡང་དག་པར་རྫོགས་པའི་བྱང་ཆུབ་ཏུ་མངོན་པར་རྫོགས་པར་འཚང་རྒྱ་བར་འདོད་པ་དང་། ཕ་རོལ་ཏུ་ཕྱིན་པ་དྲུག་ལ་སློབ་པར་འདོད་པའི་བྱང་ཆུབ་སེམས་དཔའ་སེམས་དཔའ་ཆེན་པོས་ཤེས་རབ་ཀྱི་ཕ་རོལ་ཏུ་ཕྱིན་པ་ཟབ་མོ་འདི་ལ་བསླབ་པར་བྱའོ་༎	T08n0228_021:0664c26_10	是故，阿難！ 若菩薩摩訶薩，欲得阿耨多羅三藐三菩提者，當善學諸波羅蜜多，學是諸波羅蜜多者，即學般若波羅蜜多。
T03D3790-3:97b-2	ཤེས་རབ་ཀྱི་ཕ་རོལ་ཏུ་ཕྱིན་པ་ནི་བྱང་ཆུབ་སེམས་དཔའ་སེམས་དཔའ་ཆེན་པོ་རྣམས་ཀྱི་མ་སྟེ་སྐྱེད་པར་བྱེད་པའོ་༎	T08n0228_021:0665a02_5	又此般若波羅蜜多是諸菩薩母，而能出生諸菩薩故。
T03D3790-3:97b-6	དེ་ཅིའི་ཕྱིར་ཞེ་ན་།	T08n0228_021:0665a03_11	何以故？
T03D3790-3:97b-12	པའི་བྱང་ཆུབ་ཏུ་མངོན་པར་རྫོགས་པར་སངས་རྒྱས་ཏེ་ཆོས་སྟོན་ཏོ་༎	T08n0228_021:0665a11_7	此法若欲滅時，汝可護助宣通流布無令斷滅。
T03D3790-3:97b-15	ཀུན་དགའ་བོ་འདས་པ་དང་། མ་བྱོན་པ་དང་། ད་ལྟར་བྱུང་བའི་སངས་རྒྱས་བཅོམ་ལྡན་འདས་རྣམས་ཀྱི་ཉན་ཐོས་གང་ཇི་སྙེད་ཅིག་ཡོད་པ་དེ་དག་ཀྱང་ཤེས་རབ་ཀྱི་ཕ་རོལ་ཏུ་ཕྱིན་པ་འདི་ཉིད་ལ་བསླབས་ཏེ་ཡོངས་སུ་མྱ་ངན་ལས་འདས་པར་གྱུར་ཏོ་༎ ཡོངས་སུ་མྱ་ངན་ལས་འདའོ་༎ ཡོངས་སུ་མྱ་ངན་ལས་༄༩༨ཨ་༌་༎	T08n0228_021:0665a15_12	所有過去諸佛如來、應供、正等正覺，廣為一切眾生說此般若波羅蜜多無盡法藏，令諸眾生普得阿耨多羅三藐三菩提。
T03D3790-3:98a-1	འདའ་བར་འགྱུར་རོ་ཞེས་བྱ་བ་ནི་བྱང་ཆུབ་ཆེན་པོའི་རྒྱུ་ཤེས་རབ་ཀྱི་ཕ་རོལ་ཏུ་ཕྱིན་པ་ཡོངས་སུ་གཏད་པ་ཡིན་ནོ་༎ ཀུན་དགའ་བོ་གལ་ཏེ་ཁྱོད་ཀྱིས་གང་ཟག་ཉན་ཐོས་ཀྱི་ཐེག་པ་བ་རྣམས་ལ་ཉན་ཐོས་ཀྱི་ས་ལས་བརྩམས་ཏེ་ཆོས་སྟོན་པའི་ཆོས་བསྟན་པ་དེས་སྟོང་གསུམ་གྱི་སྟོང་ཆེན་པོའི་འཇིག་རྟེན་གྱི་ཁམས་ཀྱི་སེམས་ཅན་གང་ཇི་སྙེད་པ་དེ་དག་ཐམས་ཅད་དགྲ་བཅོམ་པ་ཉིད་མངོན་དུ་བྱེད་པར་གྱུར་ཀྱང་ད་དུང་ཉན་ཐོས་ཀྱིས་ངའི་ཉན་ཐོས་ཀྱི་བྱ་བ་བྱས་པར་མི་འགྱུར་གྱི་། ཀུན་དགའ་བོ་གལ་ཏེ་ཁྱོད་ཀྱིས་བྱང་ཆུབ་སེམས་དཔའ་སེམས་དཔའ་ཆེན་པོ་ལ་ཤེས་རབ་ཀྱི་ཕ་རོལ་ཏུ་ཕྱིན་པ་དང་ལྡན་པའི་ཚིག་འགའ་ཞིག་བརྗོད་པ་དེ་བསྟན་ཀྱང་ཉན་ཐོས་ཀྱིས་ང་དགྱེས་པར་བྱས་པ་མ་ཡིན་ཏེ་། ཉན་ཐོས་ཀྱིས་ཉན་ཐོས་ཀྱི་བྱ་བ་བྱས་པར་འགྱུར་རོ་༎	T08n0228_021:0665a18_6	未來諸佛如來、應供、正等正覺，亦為一切眾生說此般若波羅蜜多無盡法藏，令諸眾生普得阿耨多羅三藐三菩提。 于今現在十方無量阿僧祇世界現住說法者，諸佛如來、應供、正等正覺，亦為一切眾生說此般若波羅蜜多無盡法藏，令諸眾生普得阿耨多羅三藐三菩提。
T03D3790-3:98a-6	ཀུན་དགའ་བོ་དེ་ཇི་སྙམ་དུ་སེམས་།	T08n0228_021:0665a22_4	又復，阿難！
T03D3790-3:97b-13	ཀུན་དགའ་བོ་མ་འོངས་པའི་དུས་ཀྱི་དེ་བཞིན་གཤེགས་པ་དགྲ་བཅོམ་པ་ཡང་དག་པར་རྫོགས་པའི་སངས་རྒྱས་གང་ཇི་སྙེད་ཅིག་འབྱུང་བ་དེ་དག་ཀྱང་ཤེས་རབ་ཀྱི་ཕ་རོལ་ཏུ་ཕྱིན་པ་འདི་ཉིད་ལ་བསླབ་སྟེ་།	T08n0228_021:0665a11_10	阿難！ 此般若波羅蜜多是諸如來應供正等正覺無盡法藏。
T03D3790-3:98a-7	ཆོས་བསྟན་པ་སྔ་མ་དེས་སྟོང་གསུམ་གྱི་སྟོང་ཆེན་པོའི་འཇིག་རྟེན་གྱི་ཁམས་ཀྱི་སེམས་ཅན་གང་ཇི་སྙེད་པ་དེ་དག་ཐམས་ཅད་སྔ་ཕྱི་མེད་པར་མིའི་ལུས་ཐོབ་པར་གྱུར་ལ་། མིའི་ལུས་ཐོབ་ནས་ཀྱང་དགྲ་བཅོམ་པ་ཉིད་མངོན་དུ་བྱས་པར་གྱུར་ན་།	T08n0228_021:0665a24_6	若聲聞乘人以聲聞法，普為三千大千世界一切眾生如應宣說，悉令證得阿羅漢果是利不虛。
T03D3790-3:98a-11	བདེ་བར་གཤེགས་པ་མང་ངོ་༎	T08n0228_021:0665a26_16	甚多，善逝！
T03D3790-3:98a-12	བཅོམ་ལྡན་འདས་ཀྱིས་བཀའ་སྩལ་པ་།	T08n0228_021:0665a26_20	」佛言：
T03D3790-3:99b-1	གང་ཟག་ཉན་ཐོས་སམ་། བྱང་ཆུབ་སེམས་དཔའི་ཐེག་པ་པ་དེ་དག་ཀྱང་མ་མཐོང་ངོ་༎ དེ་བཞིན་གཤེགས་པ་དགྲ་བཅོམ་པ་ཡང་དག་པར་རྫོགས་པའི་སངས་རྒྱས་མི་འཁྲུགས་པའི་སངས་རྒྱས་ཀྱི་ཞིང་དེ་ཡང་མ་མཐོང་ངོ་༎ སངས་རྒྱས་ལ་སོགས་པ་དགེ་སློང་གི་དགེ་འདུན་ཡང་མིག་ལམ་དུ་མི་སྣང་བར་གྱུར་ཏོ་༎ དེ་ཅིའི་ཕྱིར་ཞེ་ན་། དེ་བཞིན་གཤེགས་པ་དགྲ་བཅོམ་པ་ཡང་དག་པར་རྫོགས་པའི་སངས་རྒྱས་ཀྱིས་རྫུ་འཕྲུལ་མངོན་པར་འདུ་མཛད་པ་ཕྱིར་བརྟུལ་བར་མཛད་པས་དེའི་ཕྱིར་དེ་དག་གིས་མ་མཐོང་བར་གྱུར་ཏོ་༎	T08n0228_021:0665c08_18	于是世尊攝其神力，此諸眾會忽然不見阿閦如來及彼諸相。
T03D3790-3:99b-7	དེ་ནས་བཅོམ་ལྡན་འདས་ཀྱིས་ཚེ་དང་ལྡན་པ་ཀུན་དགའ་བོ་ལ་བཀའ་སྩལ་པ་།	T08n0228_021:0665c09_9	爾時，世尊告阿難言：
T03D3790-3:99b-8	ཀུན་དགའ་བོ་ཁྱོད་ཀྱིས་དེ་བཞིན་གཤེགས་པ་མི་འཁྲུགས་པའི་སངས་རྒྱས་ཀྱི་ཞིང་དང་། དེ་བཞིན་གཤེགས་པ་སྒྲ་བཅོམ་པ་ཡང་དག་པར་རྫོགས་པའི་སངས་རྒྱས་མི་འཁྲུགས་པ་དང་། དགེ་སློང་གི་དགེ་འདུན་དང་། བྱང་ཆུབ་སེམས་དཔའི་དགེ་འདུན་མཐོང་ངམ་། གསོལ་པ་། བཅོམ་ལྡན་འདས་སངས་རྒྱས་ཀྱི་ཞིང་དེ་ཡང་མ་མཐོང་། དེ་བཞིན་གཤེགས་པ་དེ་ཡང་མ་མཐོང་། དགེ་སློང་གི་དགེ་འདུན་དེ་ཡང་མ་མཐོང་༏་བྱང་ཆུབ་སེམས་དཔའི་དགེ་འདུན་དེ་ཡང་མ་མཐོང་སྟེ་།	T08n0228_021:0665c12_7	「此諸大眾皆不復見阿閦如來及諸相者，當知一切法亦復如是，不與眼作對法不可對法，法不可見法，是故無所從來亦無所去。
T03D3790-3:99b-18	ཆོས་ཀྱིས་ཆོས་མི་ཤེས་སོ་༎ ཀུན་དགའ་བོ་ཇི་ལྟར་དེ་བཞིན་གཤེགས་པ་དགྲ་བཅོམ་པ་ཡང་དག་པར་རྫོགས་པའི་སངས་རྒྱས་མི་འཁྲུགས་པ་དང་། ཉན་ཐོས་དེ་དག་དང་། གང་ཟག་བྱང་ཆུབ་སེམས་དཔའི་ཐེག་པ་པ་དེ་དག་དང་། སངས་རྒྱས་ཀྱི་ཞིང་དེ་མིག་ལམ་དུ་སྣང་བར་མ་གྱུར་པ་དེ་བཞིན་དུ་ཆོས་ཐམས་ཅད་ཀྱང་མིག་ལམ་དུ་སྣང་བ་མ་ཡིན་ཏེ་། ཆོས་ལ་ཆོས་སྣང་བར་མི་འགྱུར་། ཆོས་ཀྱིས་ཆོས་མི་མཐོང་། ཆོས་ཀྱིས་ཆོས་མི་ཤེས་སོ་༎	T08n0228_021:0665c12_14	阿難！
T03D3790-3:98a-9	དགྲ་བཅོམ་པ་དེ་དག་གིས་སྦྱིན་པ་ལས་བྱུང་བའི་བསོད་ནམས་བྱ་བའི་དངོས་པོ་དང་། ཚུལ་ཁྲིམས་ལས་བྱུང་བ་དང་། བསྒོམས་པ་ལས་བྱུང་བའི་བསོད་ནམས་བྱ་བའི་དངོས་པོ་དེ་དག་མང་ངམ་།	T08n0228_021:0665a24_9	阿難！ 彼諸阿羅漢所有布施、持戒、修定功德，於汝意云何，是為多不？
T03D3790-3:98a-10	གསོལ་པ་། བཅོམ་ལྡན་འདས་མང་ངོ་༎	T08n0228_021:0665a26_3	」阿難白佛言： 「甚多，世尊！
T03D3790-3:99b-23	ཀུན་དགའ་བོ་ཆོས་ཐམས་ཅད་ནི་ཤེས་པ་མེད་པ་། མཐོང་བ་མེད་པ་། བྱེད་པ་༄༡༠༠ཨ་༌་༎ མེད་པ་། བྱ་བ་ལ་མཐུ་མེད་པ་ཤ་སྟག་སྟེ་།	T08n0228_021:0665c13_13	一切法無知者、無見者、無造者、無作者。
T03D3790-3:100a-4	ཀུན་དགའ་བོ་ཆོས་ཐམས་ཅད་ནི་སྒྱུ་མའི་སྐྱེས་བུ་ལྟ་བུ་སྟེ་བསམ་གྱིས་མི་ཁྱབ་པའོ་༏་། ཀུན་དགའ་བོ་ཆོས་ཐམས་ཅད་ནི་སེམས་དང་བྲལ་ཞིང་རྣམ་པར་བསྒྲུབ་པ་ལ་སོ་སོར་གནས་པའི་མཚན་ཉིད་དེ་སྙིང་པོ་མེད་པའི་ཕྱིར་ཚོར་བ་མེད་པའོ་༎	T08n0228_021:0665c15_11	一切法甚深不可思議，譬如幻士不受諸法，無堅牢故。 一切法無所受，亦復如是。 阿難！
T03D3790-3:100a-6	དེ་ལྟར་སྤྱོད་པའི་བྱང་ཆུབ་སེམས་དཔའ་སེམས་དཔའ་ཆེན་པོ་ནི་ཤེས་རབ་ཀྱི་ཕ་རོལ་ཏུ་ཕྱིན་པ་ལ་སྤྱོད་པ་སྟེ་། ཆོས་གང་ལ་ཡང་མངོན་པར་ཆགས་པ་མེད་དོ་༎	T08n0228_021:0665c17_16	諸菩薩摩訶薩若如是行，是行般若波羅蜜多，而於是中亦無法可著。
T03D3790-3:100a-8	ཀུན་དགའ་བོ་དེ་ལྟར་སློབ་པའི་བྱང་ཆུབ་སེམས་དཔའ་སེམས་དཔའ་ཆེན་པོ་ནི་ཤེས་རབ་ཀྱི་ཕ་རོལ་ཏུ་ཕྱིན་པ་ལ་སློབ་པ་སྟེ་།	T08n0228_021:0665c19_3	若如是學，是學般若波羅蜜多，如是學者能到諸學彼岸。 又復，阿難！
T03D3790-3:100a-9	བྱང་ཆུབ་སེམས་དཔའ་སེམས་དཔའ་ཆེན་པོ་ཕ་རོལ་ཏུ་ཕྱིན་པ་ཐམས་ཅད་ཡོངས་སུ་རྫོགས་པར་བྱ་བར་འདོད་པས་ཤེས་རབ་ཀྱི་ཕ་རོལ་ཏུ་ཕྱིན་པ་ལ་སློབ་པར་བྱའོ་༎	T08n0228_021:0665c21_1	若菩薩摩訶薩欲得阿耨多羅三藐三菩提者，應當學是般若波羅蜜多。
T03D3790-3:100a-2	དེ་ཅིའི་ཕྱིར་ཞེ་ན་།	T08n0228_021:0665c13_17	何以故？
T03D3790-3:100a-3	ཀུན་དགའ་བོ་ཆོས་ཐམས་ཅད་ནི་ནམ་མཁའ་ལྟར་ག-ཡོ་བ་མེད་པ་འཛིན་པ་མེད་པས་བྱེད་པ་མེད་ཅིང་འཛིན་པ་མིད་པའོ་༎	T08n0228_021:0665c14_7	一切法如虛空，無分別故。
T03D3790-3:100a-12	མཆོག་ཅེས་བྱའོ་༎ དམ་པ་ཞེས་བྱའོ་༎ ཕུལ་ཞེས་བྱའོ་༎ གྱ་ནོམ་པ་ཞེས་བྱའོ་༎ བླ་ན་མེད་པ་ཞེས་བྱའོ་༎ གོང་ན་མེད་པ་ཞེས་བྱའོ་༎ མཉམ་པ་མེད་པ་ཞེས་བྱའོ་༎ མི་མཉམ་པ་དང་མཉམ་པ་ཞེས་བྱའོ་༎ འཇིག་རྟེན་ཐམས་ཅད་ལ་ཕན་པ་དང་། འཇིག་རྟེན་ཐམས་ཅད་ལ་བདེ་བ་། མགོན་མེད་པ་རྣམས་ལ་མགོན་དུ་གྱུར་པ་།	T08n0228_021:0665c24_1	是般若波羅蜜多學，於諸學中最上最大最勝最妙、無上中無上、無等無等等，而能利益安樂一切世間，無依怙者為作依怙。
T03D3790-3:100b-14	དེ་ཅིའི་ཕྱིར་ཞེ་ན་།	T08n0228_021:0666a05_3	何以故？
T03D3790-3:100b-16	ཀུན་དགའ་བོ་ངས་ཤེས་རབ་ཀྱི་ཕ་རོལ་ཏུ་ཕྱིན་པ་ལ་ཚད་མ་བསྟན་པ་མེད་དོ་༎	T08n0228_021:0666a07_13	阿難！ 我不說般若波羅蜜多有所限量。
T03D3790-3:100b-17	མིང་མང་པོ་དང་། ཚིག་མང་པོ་དང་འབྲུ་མང་པོ་ལ་ནི་ཚད་མ་དང་འབྲེལ་པ་ཡོད་ཀྱི་། ཤེས་རབ་ཀྱི་ཕ་རོལ་ཏུ་ཕྱིན་པ་ལ་ནི་ཚད་མ་དང་འབྲེལ་བ་མེད་དོ་ཞེས་བྱ་བ་ནི་བྱང་ཆུབ་ཆེན་པོ་ཐོབ་པར་བྱེད་པའི་རྒྱུ་གསུམ་པ་སྟེ་། འདི་དག་གིས་ནི་རྒྱུ་གསུངས་པ་ཡིན་ནོ་།	T08n0228_021:0666a08_12	何以故？ 若名句文是有量法，般若波羅蜜多非名句文，即無限量。
T03D3790-3:100b-21	བཅོམ་ལྡན་འདས་ཅིའི་སླད་དུ་ཤེས་རབ་ཀྱི་ཕ་རོལ་ཏུ་ཕྱིན་པ་ལ་ཚད་མ་དང་འབྲེལ་པ་མ་མཆིས་པ་ལགས་།	T08n0228_021:0666a10_8	「世尊！ 何因緣故佛說般若波羅蜜多無量？
T03D3790-3:100b-22	བཅོམ་ལྡན་འདས་ཀྱིས་བཀའ་སྩལ་པ་།	T08n0228_021:0666a11_7	」佛言：
T03D3790-3:100a-22	སངས་རྒྱས་ཀྱི་སྣང་བ་། སངས་རྒྱས་ཀྱིས་བསྔགས་པ་སྟེ་།	T08n0228_021:0665c24_15	如是學者，諸佛許可諸佛稱讚。
T03D3790-3:100a-24	དེ་ལ་གནས་ཤིང་དེ་བཞིན་གཤེགས་པ་དགྲ་བཅོམ་པ་ཡང་དག་པར་རྫོགས་པའི་སངས་རྒྱས་རྣམས་སྟོང་གསུམ་གྱི་སྟོང་ཆེན་པོའི་འཇིག་རྟེན་གྱི་ཁམས་འདི་ཕྱག་ག-ཡས་པས་གྱེན་དུ་བཏེག་ཅིང་ཕྱིར་གཞོག་ཀྱང་སེམས་ཅན་དེ་དག་གིས་སྟོང་གསུམ་གྱི་སྟོང་ཆེན་པོའི	T08n0228_021:0665c24_18	阿難！ 諸佛如來、應供、正等正覺學是法已，能以足指按地震動三千大千世界，乃至舉足下足皆悉能現諸神通相。 何以故？
T03D3790-3:100a-26	དེ་ཅིའི་ཕྱིར་ཞེན་། ཀུན་དགའ་བོ་སངས་རྒྱས་བཅོམ་ལྡན་འདས་རྣམས་ཀྱང་ཤེས་རབ་ཀྱི་ཕ་རོལ་ཏུ་ཕྱིན་པ་འདི་ཉིད་ལ་བསླབས་པས་འདས་པ་དང་། མ་བྱོན་པ་དང་། ད་ལྟར་བྱུང་བའི་ཆོས་རྣམས་ལ་ཐོགས་པ་༄༡༠༠བ་མི་མངའ་བའི་ཡེ་ཤེས་ཀྱི་གཟིགས་པ་གྲུབ་པ་ཡིན་ཏེ་། ཀུན་དགའ་བོ་བསླབ་པ་གང་ཇི་སྙེད་ཅིག་ཡོད་པའི་བསླབ་པ་ཐམས་ཅད་ཀྱི་ནང་ན་ཤེས་རབ་ཀྱི་ཕ་རོལ་ཏུ་ཕྱིན་པ་ལ་བསླབ་པ་ནི་རབ་ཅེས་བྱའོ་༎	T08n0228_021:0666a01_1	諸佛學是般若波羅蜜多故，於過去未來現在一切法中得無礙知見。 是故，阿難！ 我說般若波羅蜜多學，最上最大最勝最妙、無上中無上、無等無等等。
T03D3790-3:100b-11	ཀུན་དགའ་བོ་གང་ཤེས་རབ་ཀྱི་ཕ་རོལ་ཏུ་ཕྱིན་པའི་ཚད་གཟུང་བའམ་། མཐའ་བཙལ་བར་འདོད་པ་ནི་ནམ་མཁའ་ཚད་གཟུང་བའམ་། མཐའ་བཙལ་བར་འདོད་དུ་ཟད་དོ་༎	T08n0228_021:0666a04_18	當知般若波羅蜜多無量無盡無有邊際，若人欲稱量般若波羅蜜多者，是即稱量虛空。
T03D3790-3:100b-23	ཀུན་དགའ་བོ་མི་ཟད་པའི་ཕྱིར་ཤེས་རབ་ཀྱི་ཕ་རོལ་ཏུ་ཕྱིན་པ་ལ་ཚད་མ་དང་འབྲེལ་པ་མེད་དོ་༎ ཀུན་དགའ་བོ་དབེན་པའི་ཕྱིར་ཤེས་རབ་ཀྱི་ཕ་རོལ་ཏུ་ཕྱིན་པ་ལ་ཚད་མ་དང་འབྲེལ་པ་མེད་དོ་༎	T08n0228_021:0666a11_11	「阿難！ 般若波羅蜜多無盡故無量，般若波羅蜜多離故無量，以無盡故離故即法不可得，不可得中當何有量？ 是故我說般若波羅蜜多無量。
T03D3790-3:100b-25	ཀུན་དགའ་བོ་འདས་པའི་དུས་ཀྱི་དེ་བཞིན་གཤེགས་པ་དགྲ་བཅོམ་པ་ཡང་དག་པར་རྫོགས་པའི་སངས་རྒྱས་གང་ཇི་སྙེད་ཅིག་བྱུང་བ་དེ་དག་ཀྱང་ཤེས་རབ་ཀྱི་ཕ་རོལ་ཏུ་ཕྱིན་པ་འདི་ཉིན་ལས་བྱུང་ཡང་ཤེས་རབ་ཀྱི་ཕ་རོལ་ཏུ་ཕྱིན་པ་ཟད་པར་མ་གྱུར་ཏོ་༎ ཀུན་དགའ་བོ་མ་འོངས་པའི་དུས་ཀྱི་དེ་བཞིན་གཤེགས་པ་དགྲ་བཅོམ་པ་ཡང་དག་པར་རྫོགས་པའི་སངས་རྒྱས་གང་ཇི་སྙེད་ཅིག་འབྱུང་བ་དེ་དག་ཀྱང་ཤེས་རབ་ཀྱི་ཕ་རོལ་ཏུ་ཕྱིན་པ་འདི་ཉིད་ལས་བྱུང་ཡང་ཤེས་རབ་ཀྱི་ཕ་རོལ་ཏུ་ཕྱིན	T08n0228_021:0666a14_11	阿難！ 過去諸佛如來、應供、正等正覺皆從般若波羅蜜多出生，是般若波羅蜜多即無盡。 未來諸佛如來、應供、正等正覺皆從般若波羅蜜多出生，是般若波羅蜜多亦無盡。 于今現在十方無量阿僧祇世界現住說法者，諸佛如來、應供、正等正覺皆從般若波羅蜜多出生，是般若波羅蜜多亦無盡。
T03D3790-3:102a-6	དེ་ནས་ཚེ་དང་ལྡན་པ་རབ་འབྱོར་འདི་སྙམ་དུ་སེམས་པར་གྱུར་ཏེ་།	T08n0228_021:0666a25_19	」爾時，尊者須菩提作是念：
T03D3790-3:102a-7	ཤེས་རབ་ཀྱི་ཕ་རོལ་ཏུ་ཕྱིན་པ་ཡང་ཟབ་། དེ་བཞིན་གཤེགས་པ་དགྲ་བཅོམ་པ་ཡང་དག་པར་རྫོགས་པའི་སངས་རྒྱས་རྣམས་ཀྱི་བྱང་ཆུབ་ཀྱང་ཟབ་ན་། བདག་གིས་དེ་བཞིན་གཤེགས་པ་དགྲ་བཅོམ་པ་ཡང་དག་པར་རྫོགས་པའི་སངས་རྒྱས་ལ་དེ་འདྲིའོ་སྙམ་སྟེ་།	T08n0228_021:0666a26_12	「如佛所說是義甚深，我當問佛。
T03D3790-3:102a-10	དེ་ནས་ཚེ་དང་ལྡན་པ་རབ་འབྱོར་གྱིས་བཅོམ་ལྡན་འདས་ལ་འདི་སྐད་ཅེས་གསོལ་ཏོ་༎	T08n0228_021:0666a27_2	」作是念已即白佛言：
T03D3790-3:102a-11	བཅོམ་ལྡན་འདས་ཤེས་རབ་ཀྱི་ཕ་རོལ་ཏུ་ཕྱིན་པ་ནི་མི་བས་པའོ་༎	T08n0228_021:0666a27_6	「世尊！ 般若波羅蜜多無盡耶？
T03D3790-3:102a-12	བཅོམ་ལྡན་འདས་ཀྱིས་བཀའ་སྩལ་པ་༏	T08n0228_021:0666a27_20	」佛言：
T03D3790-3:101a-1	མེད་དོ་༎ ཀུན་དགའ་བོ་ད་ལྟར་ཕྱོགས་བཅུའི་འཇིག་རྟེན་གྱི་ཁམས་ན་དེ་བཞིན་གཤེགས་པ་དགྲ་བཅོམ་པ་ཡང་དག་པར་རྫོགས་པའི་སངས་རྒྱས་གང་ཇི་སྙེད་ཅིག་བཞུགས་ཤིང་འཚོ་སྐྱོང་བ་དང་། ཆོས་སྟོན་པའི་སངས་རྒྱས་བཅོམ་ལྡན་འདས་དེ་དག་ཀྱང་ཤེས་རབ་ཀྱི་ཕ་རོལ་ཏུ་ཕྱིན་པ་འདི་ཉིད་ལས་བྱུང་ཡང་ཤེས་རབ་ཀྱི་ཕ་རོལ་ཏུ་ཕྱིན་པ་མ་ཟད་དོ་༎	T08n0228_021:0666a21_6	阿難！ 我亦從般若波羅蜜多出生，是般若波羅蜜多亦無盡。 以是緣故，般若波羅蜜多已無盡、當無盡、今無盡。
T03D3790-3:101a-2	དེ་ཅིའི་ཕྱིར་ཞེ་ན་།	T08n0228_021:0666a23_17	何以故？
T03D3790-3:101a-3	ཀུན་དགའ་བོ་ཤེས་རབ་ཀྱི་ཕ་རོལ་ཏུ་ཕྱིན་པ་ཟད་པར་བྱ་བར་སེམས་པ་དེ་ནི་ནམ་མཁའ་ཟད་པར་བྱ་བར་སེམས་སུ་ཟད་དེ་།	T08n0228_021:0666a24_12	若能盡虛空，即能盡般若波羅蜜多。
T03D3790-3:102a-13	རབ་འབྱོར་ནམ་མཁའ་མི་ཟད་པའི་ཕྱིར་ཤེས་རབ་ཀྱི་ཕ་རོལ་ཏུ་ཕྱིན་པ་མི་ཟད་པའོ་༎	T08n0228_021:0666a28_2	「須菩提！ 般若波羅蜜多無盡。 何以故？ 一切法無生，如虛空故無盡。
T03D3790-3:102a-14	གསོལ་པ་། བཅོམ་ལྡན་འདས་ཇི་ལྟར་ཤེས་རབ་ཀྱི་ཕ་རོལ་ཏུ་ཕྱིན་པ་མངོན་པར་བསྒྲུབ་པར་བགྱི་།	T08n0228_021:0666a29_16	」須菩提白佛言： 「世尊！ 若一切法無生者，般若波羅蜜多當云何生？
T03D3790-3:102a-15	བཅོམ་ལྡན་འདས་ཀྱིས་བཀའ་སྩལ་པ་།	T08n0228_021:0666b02_1	」佛言：
T03D3790-3:106a-8	རབ་འབྱོར་དེ་ལྟར་བྱང་ཆུབ་སེམས་དཔའ་སེམས་དཔའ་ཆེན་པོས་ཆོས་ཐམས་ཅད་མི་དམིགས་པའི་ཚུལ་གྱིས་ཤེས་རབ་ཀྱི་ཕ་རོལ་ཏུ་ཕྱིན་པ་ལ་སྤྱད་པར་བྱའོ་༎ རབ་འབྱོར་གང་གི་ཚེ་བྱང་ཆུབ་སེམས་དཔའ་སེམས་དཔའ་ཆེན་པོས་ཆོས་ཐམས་ཅད་མི་དམིགས་པར་ཤེས་རབ་ཀྱི་ཕ་རོལ་ཏུ་ཕྱིན་པ་ལ་སྤྱོད་པའི་ཚེ་། བདུད་སྡིག་ཅད་མྱ་ངན་གྱི་ཟུག་རྔུས་ཟུག་པར་འགྱུར་རོ་༎ རབ་འབྱོར་འདི་ལྟ་སྟེ་དཔེར་ན་སྐྱེས་བུ་ཞིག་ཕ་མ་མཆི་བའི་དུས་བྱས་པར་གྱུར་ན་མྱ་ངན་གྱི་ཟུག་རྔུས་ཟུག་པར་འགྱུར་ཏེ་།	T08n0228_021:0666c05_1	須菩提！
T03D3790-3:106a-12	མྱ་ངན་གྱི་ཟུག་རྔུས་མི་བཟད་པར་དང་ལྡན་པར་འགྱུར་རོ་༎ རབ་འབྱོར་དེ་བཞིན་དུ་བྱང་ཆུབ་སེམས་དཔའ་སེམས་དཔའ་ཆེན་པོ་ཆོས་ཐམས་ཅད་མི་དམིགས་པར་ཤེས་རབ་ཀྱི་ཕ་རོལ་ཏུ་ཕྱིན་པ་ལ་སྤྱོད་པའི་ཚེ་།	T08n0228_021:0666c06_8	若菩薩摩訶薩如是行般若波羅蜜多時，魔心大怖憂愁苦惱。 須菩提！
T03D3790-3:106a-14	བདུད་སྡིག་ཅན་མྱ་ངན་གྱི་ཟུག་རྔུས་ཟུག་པར་འགྱུར་ཏེ་། མྱ་ངན་གྱི་ཟུག་རྔུས་མི་བཟད་པས་ཟུག་པར་འགྱུར་རོ་༎	T08n0228_021:0666c08_1	譬如有人喪失父母，極大悲痛憂愁苦惱，魔心生苦亦復如是。
T03D3790-3:106a-16	རབ་འབྱོར་གྱིས་གསོལ་པ་།	T08n0228_021:0666c08_9	」須菩提白佛言：
T03D3790-3:106a-17	ཅི་ལགས་བཅོམ་ལྡན་འདས་བདུད་སྡིག་ཅན་གཅིག་འབའ་ཞིག་མྱ་ངན་གྱི་ཟུག་རྔུས་མི་བཟད་པས་ཟུག་པར་འགྱུར་རམ་། འོན་ཏེ་སྟོང་གསུམ་གྱི་སྟོང་ཆེན་པོའི་འཇིག་རྟེན་ཁམས་ན་བདུད་སྡིག་ཅན་གང་ཇི་སྙེད་ཅིག་མཆིས་པ་དེ་དག་ཐམས་ཅད་མྱ་ངན་གྱི་ཟུག་རྔུས་མི་༄༡༠༦བ་བཟད་པས་ཟུག་པར་འགྱུར་།	T08n0228_021:0666c08_13	「世尊！ 但有一魔心生苦惱？ 為多惡魔皆苦惱耶？
T03D3790-3:106b-1	བཅོམ་ལྡན་འདས་ཀྱི་བཀའ་སྩལ་པ་།	T08n0228_021:0666c09_16	」佛告須菩提言：
T03D3790-3:106b-2	རབ་འབྱོར་ནམ་བྱང་ཆུབ་སེམས་དཔའ་སེམས་དཔའ་ཆེན་པོ་ཤེས་རབ་ཀྱི་ཕ་རོལ་ཏུ་ཕྱིན་པ་ལ་རྣམ་པར་སྤྱོད་པའི་ཚེ་། སྟོང་གསུམ་གྱི་སྟོང་ཆེན་པོའི་འཇིག་རྟེན་གྱི་ཁམས་ན་བདུད་སྡིག་ཅན་གང་ཇི་སྙེད་ཅིག་ཡོད་པ་དེ་དག་ཐམས་ཅད་མྱ་ངན་གྱི་ཟུག་རྔུ་མི་བཟད་པས་ཟུག་པར་འགྱུར་ཏེ་།	T08n0228_021:0666c12_6	「菩薩摩訶薩如是行般若波羅蜜多時，所有三千大千世界一切惡魔，皆悉心生憂愁苦惱，各各不能安處其座。
T03D3790-3:5a-7	གསོལ་པ་། བཅོམ་ལྡན་འདས་གྲངས་མ་མཆིས་པ་དང་གཞལ་དུ་མ་མཆིས་པ་དང་། ཚད་དུ་མ་མཆིས་པ་ལ་བྱེད་བྲག་ནི་ཅི་མཆིས་། ཐ་དད་དུ་བགྱི་བ་ནི་གང་ཞིག་ལགས་།	T08n0228_017:0645a23_18	無量與無數有何差別？
T03D3790-3:5a-9	བཅོམ་ལྡན་འདས་ཀྱིས་བཀའ་སྩལ་པ་།	T08n0228_017:0645a23_22	」佛言：
T03D3790-3:5a-10	རབ་འབྱོར་གྲངས་མེད་པ་ཞེས་བྱ་བ་ནི་གང་འདུས་བྱས་ཀྱི་ཁམས་སམ་འདུས་མ་བྱས་ཀྱི་ཁམས་སུ་བགྲང་བར་ཉེ་བར་མི་འགྲོའོ་༎	T08n0228_017:0645a24_4	「須菩提！ 無量者過諸分量，無數者不可數盡。
T03D3790-3:5a-14	ཚོར་བ་དང་། འདུ་ཤེས་དང་། འདུ་བྱེད་རྣམས་དང་། རྣམ་པར་ཤེས་པ་ཡང་གྲངས་མ་མཆིས་གཞལ་དུ་མ་མཆིས་ཚད་མ་མཆིས་པར་འགྱུར་བའི་རྣམ་གྲངས་དེ་ལྟ་བུ་མཆིས་སམ་།	T08n0228_017:0645a26_8	頗有因緣，色無量，受、想、行、識亦無量。
T03D3790-3:5a-15	བཅོམ་ལྡན་འདས་ཀྱིས་བཀའ་སྩལ་པ་།	T08n0228_017:0645a26_12	」佛言：
T03D3790-3:5b-0	རབ་འབྱོར་རྣམ་གྲངས་གང་གིས་གཟུགས་ཀྱང་གྲངས་མེད་གཞལ་དུ་མེད་ཚད་མེད་པར་འགྱུར་བ་དང་། ཚོར་བ་དང་། འདུ་ཤེས་དང་། འདུ་བྱེད་རྣམས་དང་། རྣམ་པར་ཤེས་པ་ཡང་གྲངས་མེད་གཞལ་དུ་༄༥བ་མེད་ཚད་མེད་པར་འགྱུར་བའི་རྣམ་གྲངས་དེ་ལྟ་བུ་ཡོད་དོ་ཞེས་བྱ་བ་ནི་གྲངས་མེད་པ་ལ་སོགས་པ་ཉེ་བར་མཚོན་པའི་མཚན་ཉིད་ཡིན་ནོ་།	T08n0228_017:0645a26_17	「須菩提！ 如是，如是！ 色無量，受、想、行、識亦無量。
T03D3790-3:5b-1	༎ ། གསོལ་པ་།	T08n0228_017:0645a27_20	」須菩提白佛言：
T03D3790-3:5b-4	བཅོམ་ལྡན་འདས་ཀྱིས་བཀའ་སྩལ་པ་།	T08n0228_017:0645a28_8	」佛言：
T03D3790-3:5b-5	རབ་འབྱོར་གཟུགས་ཀྱང་སྟོང་པ་སྟེ་གྲངས་མེད་གཞལ་དུ་མེད་ཚད་མེད་པའོ་༎	T08n0228_017:0645a28_13	「須菩提！ 無量者是空義、無相義、無願義。
T03D3790-3:5b-7	གསོལ་པ་། བཅོམ་ལྡན་འདས་གཟུགས་འབའ་ཞིག་སྟོང་ཚོར་བ་དང་། འདུ་ཤེས་དང་། འདུ་བྱེད་རྣམས་དང་། རྣམ་པར་ཤེས་པ་འབའ་ཞིག་སྟོང་དུ་བས་ཀྱི་ཆོས་ཐམས་ཅད་སྟོང་པ་མ་ལགས་སམ་།	T08n0228_017:0645b01_17	「世尊！ 無量者但是空、無相、無願義，非一切法義耶？
T03D3790-3:5b-10	གསོལ་པ་། བཅོམ་ལྡན་འདས་དེ་བཞིན་གཤེགས་པས་ཆོས་ཐམས་ཅད་སྟོང་པའོ་ཞེས་གསུངས་ཏེ་།	T08n0228_017:0645b04_4	」須菩提白佛言：
T03D3790-3:5b-20	བཅོམ་ལྡན་འདས་ཀྱིས་བཀའ་སྩལ་པ་།	T08n0228_017:0645b04_22	」佛言：
T03D3790-3:5b-21	རབ་འབྱོར་དེ་དེ་བཞིན་ནོ་༎	T08n0228_017:0645b05_2	「須菩提！
T03D3790-3:5b-8	བཅོམ་ལྡན་འདས་ཀྱིས་བཀའ་སྩལ་པ་།	T08n0228_017:0645b02_19	」佛言：
T03D3790-3:5b-9	རབ་འབྱོར་དེ་ཇི་སྙམ་དུ་སེམས་ངས་ཆོས་ཐམས་ཅད་སྟོང་པའོ་ཞེས་མ་བཤད་དམ་།	T08n0228_017:0645b02_24	「須菩提！ 於意云何，汝豈不聞佛說一切法空耶？
T03D3790-3:5b-24	རབ་འབྱོར་འོན་ཀྱང་བརྗོད་དུ་མེད་པའི་དོན་ལ་དེ་བཞིན་གཤེགས་པས་མི་ཟད་པ་ཞེས་བྱ་བའམ་།	T08n0228_017:0645b06_11	須菩提！ 如是說者是佛所說。
T03D3790-3:6a-13	བཅོམ་ལྡན་འདས་ཀྱི་བཀའ་སྩལ་པ་༏	T08n0228_017:0645b13_20	」佛言：
T03D3790-3:6a-14	རབ་འབྱོར་དེ་དེ་བཞིན་ནོ་༎	T08n0228_017:0645b14_4	「須菩提！ 如是，如是！
T03D3790-3:6a-16	རབ་འབྱོར་ཆོས་ཐམས་ཅད་ནི་བརྗོད་དུ་མེད་པའོ་༎	T08n0228_017:0645b14_16	一切法無說。
T03D3790-3:6a-0	ཚད་མེད་༄༦ཨ་༌་༎ སྟོང་པ་ཞེས་བྱ་བའམ་། སྨོན་པ་མེད་པ་ཞེས་བྱ་བའམ་། མངོན་པར་འདུ་བྱ་བ་མེད་པ་ཞེས་བྱ་བའམ་། སྐྱེ་བ་མེད་པ་ཞེས་བྱའམ་། འདོད་ཆགས་དང་བྲལ་བ་ཞེས་བྱ་བའམ་།	T08n0228_017:0645b10_17	若如是說即是無量，無量即無數，無數即空，空即無相，無相即無願，無願即無生，無生即無滅，無滅即無作，無作即無知，無知即無性，無性即無染，無染即涅槃寂靜。
T03D3790-3:6a-9	༎ ། གསོལ་པ་།	T08n0228_017:0645b12_17	」須菩提白佛言：
T03D3790-3:6a-10	བཅོམ་ལྡན་འདས་ཆོས་རྣམས་ཀྱི་ཆོས་ཉིད་དེ་བཞིན་གཤེགས་པས་བསྟན་ལ་ཆོས་ཉིད་དེ་ཡང་བརྗོད་དུ་མ་མཆིས་པ་ནི་ངོ་མཚར་ཆེའོ་༎	T08n0228_017:0645b12_21	「世尊！
T03D3790-3:6a-11	བཅོམ་ལྡན་འདས་ཀྱིས་གསུངས་པའི་དོན་བདག་གིས་འཚལ་བ་ལྟར་ན་། བཅོམ་ལྡན་འདས་ཆོས་ཐམས་ཅད་ནི་བརྗོད་དུ་མ་མཆིས་པའོ་༎	T08n0228_017:0645b13_16	如我解佛所說義，彼一切法皆不可說。
T03D3790-3:6a-19	བཅོམ་ལྡན་འདས་ཀྱིས་བཀའ་སྩལ་པ་།	T08n0228_017:0645b16_11	」佛言：
T03D3790-3:6a-20	རབ་འབྱོར་དེ་ནི་མ་ཡིན་ནོ་༎	T08n0228_017:0645b16_19	「不也，須菩提！
T03D3790-3:6a-21	རབ་འབྱོར་བརྗོད་དུ་མེད་པའི་དོན་ལ་ནི་འཕེལ་བའམ་ཡོངས་སུ་འགྲིབ་པ་མེད་དོ་༎	T08n0228_017:0645b17_5	不可說義無增無減。
T03D3790-3:6a-25	ཚུལ་ཁྲིམས་ཀྱི་ཕ་རོལ་ཏུ་ཕྱིན་པ་དང་། བཟོད་པའི་ཕ་རོལ་ཏུ་ཕྱིན་པ་དང་། བརྩོན་འགྲུས་ཀྱི་ཕ་རོལ་ཏུ་ཕྱིན་པ་དང་། བསམ་གཏན་གྱི་ཕ་རོལ་ཏུ་ཕྱིན་པ་དང་། ཤེས་རབ་ཀྱི་ཕ་རོལ་ཏུ་ཕྱིན་པ་དང་།	T08n0228_017:0645b20_14	「若不可說義無增無減者，即布施波羅蜜多、持戒波羅蜜多、忍辱波羅蜜多、精進波羅蜜多、禪定波羅蜜多、智慧波羅蜜多，亦無增無減。
T03D3790-3:6a-17	རབ་འབྱོར་ཆོས་ཐམས་ཅད་ཀྱི་བརྗོད་དུ་མེད་པ་གང་ཡིན་པ་དེ་ནི་སྟོང་པ་ཉིད་དེ་སྟོང་པ་ཉིད་ལ་ནི་བརྗོད་པ་གང་ཡང་མེད་དེ་སྟོང་པ་ཉིད་ནི་བརྗོད་པར་མི་ནུས་པའོ་༎	T08n0228_017:0645b14_20	何以故？ 一切法空性，不可以言說。 」須菩提白佛言：
T03D3790-3:6a-18	གསོལ་པ་༏་བཅོམ་ལྡན་འདས་བརྗོད་དུ་མ་མཆིས་པའི་དོན་ལ་འཕེལ་བའམ་ཡོངས་སུ་འགྲིབ་པ་མཆིས་སམ་།	T08n0228_017:0645b15_21	「世尊！ 不可說義有增減不？
T03D3790-3:6b-0	བཅོམ་ལྡན་འདས་ནང་༄༦བ་སྟོང་པ་ཉིད་ལ་ཡང་འཕེལ་བ་དང་ཡོངས་སུ་འགྲིབ་པ་མ་མཆིས་པ་འགྱུར་རོ་༎ ཕྱི་སྟོང་པ་ཉིད་དང་། ཕྱི་ནང་སྟོང་པ་ཉིད་ནས་དངོས་པོ་མེད་པའི་ངོ་བོ་ཉིད་སྟོང་པ་ཉིད་ཀྱི་བར་ལ་ཡང་འཕེལ་བ་དང་ཡོངས་སུ་འགྲིབ་པ་མ་མཆིས་པར་འགྱུར་རོ་༎ བཅོམ་ལྡན་འདས་དྲན་པ་ཉེ་བར་གཞག་པ་བཞི་ཡང་འཕེལ་བ་དང་འགྲིབ་པ་མ་མཆིས་པར་འགྱུར་རོ་༎ ཡང་དག་པར་སྤོང་བ་དང་། རྫུ་འཕྲུལ་གྱི་རྐང་པ་དང་། དབང་པོ་དང་། སྟོབས་དང་། བྱང་ཆུབ་ཀྱི་ཡན་ལག་དང་། འཕགས་པའི་ལམ་ཡན་ལག་བརྒྱད་པ་ཡང་འཕེལ་བ་དང་འགྲིབ་པ་མ་མཆིས་པར་འགྱུར་རོ་༎ འཕགས་པའི་བདེན་པ་དང་། བསམ་གཏན་དང་། ཚད་མེད་པ་དང་། གཟུགས་མེད་པའི་སྙོམས་པར་འཇུག་པ་དང་། རྣམ་པར་ཐར་པ་བརྒྱད་དང་། མཐར་གྱིས་གནས་པའི་སྙོམས་པར་འཇུག་པ་དགུ་དང་། སྟོང་པ་ཉིད་དང་། མཚན་མ་མེད་པ་དང་༏	T08n0228_017:0645b20_17	世尊！
T03D3790-3:6b-13	རབ་འབྱོར་དེ་དེ་བཞིན་ནོ་༎ དེ་དེ་བཞིན་ཏེ་།	T08n0228_017:0645b26_12	「須菩提！ 如是，如是！
T03D3790-3:7a-0	བརྗོད་དུ་མེད་པའི་༄༧ཨ་༌་༎ དོན་ལ་ནི་འཕེལ་བའམ་ཡོངས་སུ་འགྲིབ་པ་མེད་དོ་༎	T08n0228_017:0645b27_5	諸波羅蜜多義無所增減。
T03D3790-3:7a-2	རབ་འབྱོར་གལ་ཏེ་ཐབས་མཁས་པའི་བྱང་ཆུབ་སེམས་དཔའ་སེམས་དཔའ་ཆེན་པོ་ཤེས་རབ་ཀྱི་ཕ་རོལ་ཏུ་ཕྱིན་པ་ལ་སྤྱོད་པ་དང་། ཤེས་རབ་ཀྱི་ཕ་རོལ་ཏུ་ཕྱིན་པ་ལ་བསྒོམས་པ་དང་། ཤེས་རབ་ཀྱི་ཕ་རོལ་ཏུ་ཕྱིན་པ་ལ་བརྩོན་པར་བྱེད་པའི་ཚེ་འདི་སྙམ་དུ་བདག་ནི་ཤེས་རབ་ཀྱི་ཕ་རོལ་ཏུ་ཕྱིན་པས་རྣམ་པར་འཕེལ་ལོ་༎	T08n0228_017:0645b27_9	何以故？ 須菩提！ 具善巧方便菩薩摩訶薩修行般若波羅蜜多時，能行布施波羅蜜多而不作念：
T03D3790-3:6b-5	སྨོན་པ་མེད་པ་ཡང་འཕེལ་བ་དང་ཡོངས་སུ་འགྲིབ་པ་མ་མཆིས་པར་འགྱུར་རོ་༎ མངོན་པར་ཤེས་པ་རྣམས་དང་། ཏིང་ངེ་འཛིན་རྣམས་དང་། གཟུགས་ཀྱི་སྒོ་རྣམས་ཀྱང་འཕེལ་བ་དང་ཡོངས་སུ་འགྲིབ་པ་མ་མཆིས་པར་འགྱུར་རོ་༎	T08n0228_017:0645b23_4	若諸波羅蜜多無增無減者，云何菩薩摩訶薩以是無增無減諸波羅蜜多法，得近阿耨多羅三藐三菩提？
T03D3790-3:6b-12	ནོ་། ༎ ། བཅོམ་ལྡན་འདས་ཀྱིས་བཀའ་སྩལ་པ་།	T08n0228_017:0645b26_7	」佛言：
T03D3790-3:7a-3	བདག་ནི་བསམ་གཏན་ཀྱི་ཕ་རོལ་ཏུ་ཕྱིན་པ་དང་། བརྩོན་འགྲུས་ཀྱི་ཕ་རོལ་ཏུ་ཕྱིན་པ་དང་། བཟོད་པའི་ཕ་རོལ་ཏུ་ཕྱིན་པ་དང་། ཚུལ་ཁྲིམས་ཀྱི་ཕ་རོལ་ཏུ་ཕྱིན་པ་དང་། སྦྱིན་པའི་ཕ་རོལ་ཏུ་ཕྱིན་པ་རྣམ་པར་འཕེལ་ལོ་སྙམ་དུ་མི་སེམས་ཤིང་།	T08n0228_017:0645c02_3	『我行布施波羅蜜多有所增減。
T03D3790-3:7a-4	འོན་ཀྱང་དེ་འདི་སྙམ་དུ་འདི་ནི་མིང་ཙམ་ཡིན་ཏེ་།	T08n0228_017:0645c02_8	』作是念：
T03D3790-3:8b-2	སེམས་དང་པོ་བསྐྱེད་པས་བྱང་ཆུབ་སེམས་དཔའ་སེམས་དཔའ་ཆེན་པོ་བླ་ན་མེད་པ་ཡང་དག་པར་རྫོགས་པའི་བྱང་ཆུབ་ཏུ་མངོན་པར་རྫོགས་པར་འཚང་རྒྱའོ་།	T08n0228_017:0646a24_15	「世尊！ 菩薩摩訶薩所得阿耨多羅三藐三菩提，為前心得耶？ 為後心得耶？
T03D3790-3:8b-9	རབ་འབྱོར་དེས་ན་དོན་འདི་ཉིད་ཤེས་པར་བྱ་བའི་དོན་དུ་ཁྱོད་ལ་དཔེ་བསྟན་པར་བྱ་སྟེ་། འདི་ན་སྐྱེས་བུ་མཁས་པ་ལ་བཤད་པའི་དོན་དཔེས་ཡོངས་སུ་ཤེས་པར་འགྱུར་རོ་༎	T08n0228_017:0646b01_2	「須菩提！
T03D3790-3:8b-11	རབ་འབྱོར་དེ་ཇི་སྙམ་དུ་སེམས་། འབྲུ་མར་གྱི་མར་མེ་འབར་བས་སྙིང་པོ་ཚིག་པར་གྱུར་ན་། མེ་ལྕེ་དང་པོ་ཕྲད་པས་སྙིང་པོ་དེ་ཚིག་གམ་། དེ་ཏེ་མེ་ལྕེ་ཕྱི་མ་དང་ཕྲད་པས་སྙིང་པོ་ཚིག་། གསོལ་པ་།	T08n0228_017:0646b02_2	於汝意云何，譬如世間燃以燈炷，為前焰燃？ 為後焰燃？ 」須菩提言：
T03D3790-3:8b-4	བཅོམ་ལྡན་འདས་རེ་ཞིག་གལ་ཏེ་སེམས་དང་པོ་བསྐྱེད་པས་བྱང་ཆུབ་སེམས་དཔའ་ཆེན་པོ་བླ་ན་མེད་པ་ཡང་དག་པར་རྫོགས་པའི་བྱང་ཆུབ་ཏུ་མངོན་པར་རྫོགས་པར་འཚང་རྒྱ་ན་ནི་སེམས་དང་པོ་བསྐྱེད་པ་ཡང་སེམས་སླད་མ་བསྐྱེད་པ་དང་མི་བཅོམ་ལྡན་འདས་དེ་ལྟར་སེམས་དང་སེམས་ལས་བྱུང་བའི་ཆོས་རྣམས་མི་གྲོགས་ན་ཇི་ལྟར་དགེ་བའི་རྩ་བ་རྣམས་ཚོགས་སུ་འགྱུར་།	T08n0228_017:0646a26_7	世尊！ 若前心得者，彼前心後心而各不俱。 若後心得者，後心前心亦各不俱。
T03D3790-3:8b-7	དགེ་བའི་རྩ་བ་མ་བསགས་པར་ནི་བླ་ན་མེད་པ་ཡང་དག་པར་རྫོགས་པའི་བྱང་ཆུབ་ཏུ་མངོན་པར་རྫོགས་པར་འཚང་རྒྱ་བར་མི་ནུས་སོ་ཞེས་བྱ་བ་ནི་སེམས་ཕྲད་པ་མེད་པར་རྒལ་བ་ཡིན་ནོ་༎	T08n0228_017:0646a28_14	云何菩薩摩訶薩而能增長諸善根耶？
T03D3790-3:8b-8	བཅོམ་ལྡན་འདས་ཀྱིས་བཀའ་སྩལ་པ་།	T08n0228_017:0646a28_18	」佛言：
T03D3790-3:11b-7	དེ་ནས་ཡང་ཚེ་དང་ལྡན་པ་ཤའ་རིའི་བུས་ཚེ་དང་ལྡན་པ་རབ་འབྱོར་ལ་འདི་སྐད་ཅེས་སྨྲས་སོ་༎	T08n0228_017:0646c21_15	」爾時，尊者舍利子白尊者須菩提言：
T03D3790-3:11b-8	ཚེ་དང་ལྡན་པ་རབ་འབྱོར་བྱང་ཆུབ་སེམས་དཔའ་སེམས་དཔའ་ཆེན་པོ་གང་ལ་ལ་རྨི་ལམ་དུ་སྟོང་པ་ཉིད་དང་མཚན་མ་མེད་པ་དང་སྨོན་པ་མེད་པའི་ཏིང་ངེ་འཛིན་གསུམ་ལ་སྙོམས་པར་ཞུགས་ན་ཅི་ཤེས་རབ་ཀྱི་ཕ་རོལ་ཏུ་ཕྱིན་པས	T08n0228_017:0646c23_17	「若菩薩摩訶薩於其夢中修三解脫門，所謂空、無相、無願，以是善根能增益般若波羅蜜多不？
T03D3790-3:11b-10	རབ་འབྱོར་གྱིས་སྨྲས་པ་།	T08n0228_017:0646c24_3	」須菩提言：
T03D3790-3:11b-11	ཚེ་དང་ལྡན་པ་ཤའ་རིའི་བུ་གལ་ཏེ་ཉིན་པར་བསྒོམས་པས་རྣམ་པར་འཕེལ་ན་རྨི་ལམ་བསྒོམས་པས་ཀྱང་རྣམ་པར་འཕེལ་ལོ་༎	T08n0228_017:0646c24_10	「尊者舍利子！ 若菩薩摩訶薩修般若波羅蜜多，即有般若波羅蜜多相，是故於其夢中亦可增益。
T03D3790-3:12a-4	དེ་ཅིའི་ཕྱིར་ཞེ་ན་།	T08n0228_017:0646c27_7	何以故？
T03D3790-3:12a-22	མཐོང་བ་དང་ཐོས་པ་དང་བསམ་པ་དང་རྣམ་པར་རིག་པའི་ཆོས་རྣམས་ལ་བློ་འཇུག་སྟེ་། མ་མཐོང་མ་ཐོས་མ་བསམས་རྣམ་པར་མ་རིག་པའི་ཆོས་ལ་ནི་བློ་མི་འཇུག་གོ་༎ དེ་ལ་བློ་ལ་ལ་ནི་ཀུན་ནས་ཉོན་མོངས་པ་ཡོངས་སུ་འཛིན་ཏོ་༎ བློ་ལ་ལ་ནི་རྣམ་པར་བྱང་བ་ཡོངས་སུ་འཛིན་ཏོ་༎	T08n0228_017:0647a15_12	若心行於見聞覺知法中，有心取垢、有心取淨，即有因緣起業非無因緣，有因緣思生非無因緣。
T03D3790-3:8b-15	བཅོམ་ལྡན་འདས་མེ་ལྕེ་དང་པོ་དང་མཇལ་བས་ཀྱང་སྙིང་པོ་དེ་ཚིག་པ་མ་ལགས་།	T08n0228_017:0646b02_20	「不也，世尊！
T03D3790-3:8b-16	མེ་ལྕེ་དང་པོ་ལ་མ་བརྟེན་པར་ཡང་སྙིང་པོ་དེ་ཚིག་པ་མ་ལགས་། བཅོམ་ལྡན་འདས་མེ་ལྕེ་སླད་མ་དང་མཇལ་བས་ཀྱང་སྙིང་པོ་དེ་ཚིག་པ་མ་ལགས་། མེ་ལྕེ་སླད་མ་ལ་མ་བརྟེན་པར་ཡང་སྙིང་པོ་དེ་ཚིག་པ་མ་ལགས་སོ་༎	T08n0228_017:0646b03_16	非前焰燃亦不離前焰，非後焰燃亦不離後焰。
T03D3790-3:8b-19	བཅོམ་ལྡན་འདས་ཀྱིས་བཀའ་སྩལ་པ་།	T08n0228_017:0646b03_20	」佛言：
T03D3790-3:12a-29	དམིགས་པ་མེད་པར་མ་ཡིན་ནོ་༎ སྨྲས་པ་། ཚེ་དང་ལྡན་པ་རབ་འབྱོར་ལས་ཐམས་ཅད་དང་སེམས་པ་ཐམས་ཅད་དབེན་པའོ་ཞེས་བཅོམ་ལྡན་འདས་ཀྱིས་གསུངས་ན་དེ་ཇི་ལྟར་དམིགས་པ་དང་བཅད་པར་ལས་༄༡༢བ་སྐྱེ་སྟེ་།	T08n0228_017:0647a16_3	「尊者須菩提！ 如佛所說，一切法離諸所緣。
T03D3790-3:12b-1	དམིགས་པ་མེད་པར་མ་ཡིན་ནོ་༎ དམིགས་པ་དང་བཅས་པར་སེམས་པ་འབྱུང་སྟེ་། དམིགས་པ་མེད་པར་མ་ཡིན་ནོ་༎	T08n0228_017:0647a17_11	云何今說有因緣思生非無因緣耶？
T03D3790-3:12b-4	རབ་འབྱོར་གྱིས་སྨྲས་པ་།	T08n0228_017:0647a17_17	」須菩提言：
T03D3790-3:12b-5	ཚེ་དང་ལྡན་པ་ཤའ་རིའི་བུ་མཚན་མར་བྱས་ནས་དམིགས་པ་དང་བཅས་པར་ལས་སྐྱེ་སྟེ་། དམིགས་པ་མེད་པར་མ་ཡིན་ནོ་༎ དམིགས་པ་དང་བཅས་པར་སེམས་པ་འབྱུང་སྟེ་།	T08n0228_017:0647a18_18	「佛所說者離所作相故，說有因緣思生非無因緣。 」「舍利子！
T03D3790-3:12b-9	དེ་སྐད་ཅེས་སྨྲས་པ་དང་། ཚེ་དང་ལྡན་པ་ཤའ་རིའི་བུས་ཚེ་དང་ལྡན་པ་རབ་འབྱོར་ལ་འདི་སྐད་ཅེས་སྨྲས་སོ་༎	T08n0228_017:0647a22_4	」舍利子言：
T03D3790-3:12b-19	དེ་ནས་ཚེ་དང་ལྡན་པ་ཤའ་རིའི་བུས་བྱང་ཆུབ་སེམས་དཔའ་སེམས་དཔའ་ཆེན་པོ་བྱམས་པ་ལ་འདི་སྐད་ཅེས་སྨྲས་སོ་༎	T08n0228_017:0647a28_5	」是時尊者舍利子即白慈氏菩薩言：
T03D3790-3:12b-10	ཚེ་དང་ལྡན་པ་རབ་འབྱོར་གལ་ཏེ་བྱང་ཆུབ་སེམས་དཔའ་སེམས་དཔའ་ཆེན་པོས་རྨི་ལམ་དུ་སྦྱིན་པ་བྱིན་། ཚུལ་ཁྲིམས་བསྲུངས་། བཟོད་པ་བསྒོམས་། བརྩོན་འགྲུས་བརྩམས་། བསམ་གཏན་ལ་མཉམ་པར་གཞག་། ཤེས་རབ་བསྒོམས་ཏེ་དགེ་བའི་རྩ་བ་དེ་ཡང་དག་པར་རྫོགས་པའི་བྱང་ཆུབ་ཏུ་ཡོངས་སུ་བསྔོས་ན་༏་དེས་བླ་ན་མེད་པ་ཡང་དག་པར་རྫོགས་པའི་བྱང་ཆུབ་ཏུ་ཡོངས་སུ་བསྔོས་པར་འགྱུར་རམ་།	T08n0228_017:0647a24_10	若菩薩摩訶薩於其夢中而行布施，以是功德迴向阿耨多羅三藐三菩提，是為迴向不？
T03D3790-3:12b-16	རབ་འབྱོར་གྱིས་སྨྲས་པ་།	T08n0228_017:0647a24_16	」須菩提言：
T03D3790-3:12b-17	ཚེ་དང་ལྡན་པ་ཤའ་རིའི་བུ་བྱང་ཆུབ་སེམས་དཔའ་སེམས་དཔའ་ཆེན་པོ་བྱམས་པ་སྐྱེ་བ་གཅིག་གིས་ཐོགས་པ་། བཅོམ་ལྡན་འདས་ཀྱིས་ཕྱིར་མི་ལྡོག་པར་ལུང་བསྟན་པ་འདི་མངོན་དུ་གྱུར་ན་འདི་ལ་དྲིས་ཤིག་དང་འདིས་ལ་ན་ལྡོན་པར་འགྱུར་རོ་༎	T08n0228_017:0647a25_1	「尊者舍利子！ 今慈氏菩薩在此會中，如來為授阿耨多羅三藐三菩提記，知如是義、證如是法，汝今以如是義而自請問。
T03D3790-3:12b-22	འདི་ལ་དྲིས་ཤིག་དང་འདིས་ལན་ལྡོན་པར་འགྱུར་རོ་ཞེས་ཟེར་རོལ་༎	T08n0228_017:0647b01_5	唯願菩薩為我宣說。
T03D3790-3:12b-23	དེ་སྐད་ཅེས་སྨྲས་པ་དང་། བྱང་ཆུབ་སེམས་དཔའ་སེམས་དཔའ་ཆེན་པོ་བྱམས་པས་། ཚེ་དང་ལྡན་པ་ཤའ་རིའི་བུ་ལ་འདི་སྐད་ཅེས་སྨྲས་སོ་༎ ཅི་བྱང་ཆུབ་སེམས་དཔའ་སེམས་དཔའ་ཆེན་པོ་བྱམས་པ་ཞེས་བྱ་བའི་མིང་འདི་ལན་ལྡོན་ནམ་།	T08n0228_017:0647b02_4	」爾時，慈氏菩薩摩訶薩告尊者須菩提言： 「彼舍利子所問，如汝所言，我知是義，我今不知以何法答。
T03D3790-3:13a-2	འོན་ཏེ་གཟུགས་ཀྱི་སྟོང་པ་ཉིད་གང་ཡིན་པ་དེ་ལན་ལྡོན་པར་འགྱུར་རམ་། ཚོར་བ་དང་། འདུ་ཤེས་དང་། འདུ་བྱེད་རྣམས་དང་། རྣམ་པར་ཤེས་པའི་སྟོང་པ་ཉིད་གང་ཡིན་པ་དེ་ལན་ལྡོན་པར་འགྱུར་།	T08n0228_017:0647b05_2	不可以慈氏名字而答，不可以色空答，不可以受、想、行、識空答。
T03D3790-3:12b-20	རིགས་ཀྱི་བུ་གནས་བརྟན་རབ་འབྱོར་འདི་ནི་འདི་སྐད་དུ་བྱང་ཆུབ་སེམས་དཔའ་སེམས་དཔའ་ཆེན་པོ་བྱམས་པ་འདི་མངོན་དུ་གྱུར་པ་སྐྱེ་པ་གཅིག་གིས་ཐོགས་པ་།	T08n0228_017:0647a29_2	「如我所問須菩提法，彼尊者作是言： 『慈氏菩薩知如是義。
T03D3790-3:56b-8	རབ་འབྱོར་དེ་ལྟར་སློབ་པའི་བྱང་ཆུབ་སེམས་དཔའ་སེམས་དཔའ་ཆེན་པོ་ནི་སེམས་ཅན་དམྱལ་བར་མི་སྐྱེ་། བྱོལ་སོང་གི་སྐྱེ་གནས་དང་༎ ཤིན་རྗེའི་འཇིག་རྟེན་དུ་མི་སྐྱེའོ་༎ ཡུལ་མཐའ་འཁོབ་ཏུ་མི་སྐྱེའོ་༎ གདོལ་པའི་རིགས་སུ་མི་སྐྱེའོ་༎ དམའ་བ་དང་དམན་པའི་སྤྱོད་པ་དང་། བཙོག་པའི་རིགས་རྣམས་སུ་མི་སྐྱེའོ་༎	T08n0228_021:0658c18_7	若如是學者，不墮地獄、餓鬼、畜生等趣，不生阿修羅界，不生邊地，不生旃陀羅族，不生下姓種族，不生種種卑賤巧業等族。
T03D3790-3:56b-13	ཞར་བར་མི་འགྱུར་རོ་༎ སྒུར་པོར་མི་འགྱུར་རོ་༎ ཞ་བོར་མི་འགྱུར་རོ་༎ ཡན་ལག་སྐྱོན་ཅན་དུ་མི་འགྱུར་རོ་༎ ལག་པ་མེད་པར་མི་འགྱུར་རོ་༎ དབང་པོ་དང་མི་ལྡན་པར་མི་འགྱུར་ཏེ་། དབང་པོ་ཡོངས་སུ་ཚང་ཞིང་དབང་པོ་མ་ཚང་བར་མི་འགྱུར་རོ་༎	T08n0228_021:0658c19_20	如是學者，不失一目不盲兩目，亦不角睞，不聾不啞，不傴僂，不攣躄。 不醜陋，不麁惡，不形殘，不異相，亦無疥癩癰疽乾痟等病，不壞諸根人相圓滿，音聲清巧眾所愛樂。
T03D3790-3:56b-23	བརྫུན་དུ་སྨྲ་བ་དང་། ཕྲ་མ་ཅན་དང་། ཚིག་རྩུབ་པོ་སྨྲ་བ་དང་། ཚིག་ཀྱལ་པ་ཅན་དང་། བརྣབ་སེམས་ཅན་དང་། གནོད་སེམས་ཅན་དང་། ལོག་པར་ལྟ་བར་མི་འགྱུར་རོ་༎ འཚོ་བ་ལོག་པས་འཚོ་བར་༄༥༧ཨ་༌་༎ མི་འགྱུར་རོ་༎ ཡང་དག་པ་མ་ཡིན་པ་ཡོངས་སུ་འཛིན་པར་མི་འགྱུར་རོ་༎ ཚུལ་ཁྲིམས་ངན་པ་ཅན་དུ་མི་འགྱུར་རོ་༎ རབ་འབྱོར་དེ་ལྟར་སློབ་པའི་བྱང་ཆུབ་སེམས་དཔའ་སེམས་དཔའ་ཆེན་པོ་ནི་ལྷ་ཚེ་རིང་པོའི་ནང་དུ་མི་སྐྱེའོ་༎	T08n0228_021:0658c27_7	又菩薩摩訶薩如是學者，不害他命，不盜他物，不行邪染，不虛妄言亦不兩舌復不惡口，不無義語，不生貪著，不起瞋惱，不住邪見，不邪命活，不修邪命法，不畜破戒眷屬，不近非法者，不生長壽天，雖入諸禪而不隨禪生。
T03D3790-3:56b-6	རབ་འབྱོར་སེམས་ཅན་དམན་པས་ནི་བསླབ་པ་རྒྱ་ཆེན་པོ་འདི་དག་ལ་བསླབ་པར་མི་ནུས་སོ་༎	T08n0228_021:0658c12_11	須菩提！ 此廣大學是最上學，凡夫下劣人不能如是學。
T03D3790-3:56b-7	བྱང་ཆུབ་སེམས་དཔའ་སེམས་དཔའ་ཆེན་པོ་གང་བསླབ་པ་འདི་ལ་སློབ་པ་དེ་ནི་སེམས་ཅན་ཐམས་ཅད་འཁོར་བ་ལས་གདོན་པར་འདོད་པ་སྟེ་།	T08n0228_021:0658c15_11	若有能調御一切眾生，欲與一切眾生為依怙者，欲出過一切眾生界者，彼能如是學。
T03D3790-3:57a-5	དེ་ཅིའི་ཕྱིར་ཞེ་ན་།	T08n0228_021:0658c27_11	何以故？
T03D3790-3:57a-6	ཐབས་མཁས་པ་དེ་དག་དང་། གང་གིས་བྱང་ཆུབ་སེམས་དཔའ་སེམས་དཔའ་ཆེན་པོ་ལྷ་ཚེ་རིང་པོར་མི་སྐྱེ་བའི་ཐབས་མཁས་པ་དེ་ལྟ་བུ་དེ་ལ་ཡོད་དེ་། དེ་ཡང་གང་ཞེ་ན་།	T08n0228_021:0658c28_4	菩薩以能成就善巧方便故。 而菩薩成就何等善巧方便？
T03D3790-3:57a-17	རབ་འབྱོར་དེ་དེ་བཞིན་ནོ་༎ དེ་དེ་བཞིན་ཏེ་།	T08n0228_021:0659a07_4	「如是，如是！ 須菩提！
T03D3790-3:57a-19	ཇི་སྐད་སྨྲས་པ་དེ་བཞིན་ནོ་༎ རབ་འབྱོར་ཆོས་ཐམས་ཅད་ནི་རང་བཞིན་གྱིས་ཡོངས་སུ་དག་པ་སྟེ་། རབ་འབྱོར་དེ་ལྟར་ཆོས་ཐམས་ཅད་ཡོངས་སུ་དག་པ་ལ་བྱང་ཆུབ་སེམས་དཔའ་སེམས་དཔའ་ཆེན་པོ་ཤེས་རབ་ཀྱི་ཕ་རོལ་ཏུ་ཕྱིན་པ་ལ་སྤྱོད་པའི་ཚེ་། སེམས་ཞུམ་པ་མེད་ཅིང་འགོང་བ་མེད་པ་དེ་ནི་རབ་འབྱོར་ཤེས་རབ་ཀྱི་ཕ་རོལ་ཏུ་ཕྱིན་པ་སྟེ་།	T08n0228_021:0659a09_17	一切法自性本來清淨，菩薩摩訶薩於是一切法自性本來清淨中，如理修學般若波羅蜜多，不驚不怖不退不沒。 須菩提！
T03D3790-3:57b-0	བྱིས་༄༥༧བ་པ་སོ་སོའི་སྐྱེ་བོ་ཐམས་ཅད་ཀྱིས་ནི་ཆོས་ཉིད་དེ་མི་ཤེས་མི་མཐོང་བས་སེམས་ཅན་དེ་དག་གི་དོན་དུ་བྱང་ཆུབ་སེམས་དཔའ་སེམས་དཔའ་ཆེན་པོ་སྦྱིན་པའི་ཕ་རོལ་ཏུ་ཕྱིན་པ་ལ་སྤྱོད་།	T08n0228_021:0659a11_9	彼諸愚異生等於如是法不知不見，以不知不見故無所覺了。
T03D3790-3:57b-14	རབ་འབྱོར་དེ་ལྟར་སློབ་པའི་བྱང་ཆུབ་སེམས་དཔའ་སེམས་དཔའ་ཆེན་པོ་ནི་སེམས་ཅན་ཐམས་ཅད་ཀྱི་སེམས་དང་སྤྱོད་པ་དང་། ག-ཡོ་བ་རྣམས་ཀྱི་ཕ་རོལ་ཏུ་ཕྱིན་པར་འགྱུར་རོ་ཞེས་བྱ་བ་ནི་རྣམ་པར་འཕེལ་བ་དགུ་པ་ཡིན་ནོ་།	T08n0228_021:0659a16_15	菩薩摩訶薩如是學者，悉能了知一切眾生心心所行。
T03D3790-3:57a-9	ཤེས་རབ་ཀྱི་ཕ་རོལ་ཏུ་ཕྱིན་པ་འདི་ཉིད་ལས་ཐབས་མཁས་པ་བསྟན་པ་སྟེ་། ཐབས་མཁས་པ་དེ་དག་དང་ལྡན་པའི་བྱང་ཆུབ་སེམས་དཔའ་སེམས་དཔའ་ཆེན་པོ་ནི་བསམ་གཏན་རྣམས་ལ་ཡང་སྙོམས་པར་འཇུག་། ཚད་མེད་པ་རྣམས་ལ་ཡང་སྙོམས་པར་འཇུག་། གཟུགས་མེད་པའི་སྙོམས་པར་འཇུག་པ་རྣམས་ལ་ཡང་སྙོམས་པར་འཇུག་སྟེ་། བསམ་གཏན་དང་། ཚད་མེད་པ་དང་། གཟུགས་མེད་པའི་སྙོམས་པར་འཇུག་པ་རྣམས་ཀྱི་དབང་གིས་ཀྱང་མི་སྐྱེའོ་༎	T08n0228_021:0659a01_11	所謂從般若波羅蜜多相應出生善巧方便，是故菩薩雖入諸禪而不隨禪生。
T03D3790-3:57a-12	རབ་འབྱོར་དེ་ལྟར་སློབ་པའི་བྱང་ཆུབ་སེམས་དཔའ་སེམས་དཔའ་ཆེན་པོ་ནི་འདི་ལྟ་སྟེ་༏་ཉན་ཐོས་དང་། རང་སངས་རྒྱས་ཀྱི་ཡིད་ལ་བྱ་བའི་དྲི་མ་ཡོངས་སུ་དག་པས་སངས་རྒྱས་ཀྱི་ཆོས་ཐམས་ཅད་ཀྱི་སྟོབས་ཡོངས་སུ་དག་པ་ཐོབ་པར་འགྱུར་རོ་༎	T08n0228_021:0659a01_15	須菩提！ 菩薩摩訶薩能如是學者，即得清淨十力、清淨四無所畏乃至清淨一切佛法。
T03D3790-3:57a-14	གསོལ་པ་། བཅོམ་ལྡན་འདས་ཆོས་ཐམས་ཅད་རང་བཞིན་གྱིས་ཡོངས་སུ་དག་པ་ལགས་ན་།	T08n0228_021:0659a04_6	」須菩提白佛言： 「世尊！
T03D3790-3:57a-15	བྱང་ཆུབ་སེམས་དཔའ་སེམས་དཔའ་ཆེན་པོ་ཆོས་གང་གི་ཡོངས་སུ་དག་པ་ཐོབ་པར་འགྱུར་བ་ལགས་།	T08n0228_021:0659a06_10	一切法自性本來清淨，菩薩摩訶薩云何復得清淨十力、清淨四無所畏乃至清淨一切佛法耶？
T03D3790-3:57a-16	བཅོམ་ལྡན་འདས་ཀྱིས་བཀའ་སྩལ་པ་།	T08n0228_021:0659a06_18	」佛告須菩提言：
T03D3790-3:13a-6	གཟུགས་ཀྱི་སྟོང་པ་ཉིད་གང་ཡིན་པ་དེ་དང་། ཚོར་བ་དང་། འདུ་ཤེས་དང་། འདུ་བྱེད་རྣམས་དང་། རྣམ་པར་ཤེས་པའི་སྟོང་པ་ཉིད་གང་ཡིན་པ་དེ་ལ་ནི་ལན་ལྡོན་པའི་མཐུ་མེད་དོ་༎	T08n0228_017:0647b05_23	彼色、受、想、行、識空中悉無所答。
T03D3790-3:13a-8	བདག་གིས་ནི་གང་ལན་ལྡོན་པ་དང་། བདག་གིས་ལན་གླན་པ་དང་། གང་གི་ལན་གླན་པ་དང་། གང་ལ་ལན་གླན་པའི་ཆོས་དེ་ལྟ་བུ་ཡང་དག་པར་རྗེས་སུ་མ་མཐོང་ངོ་༎ གང་བླ་ན་མེད་པ་ཡང་དག་པར་རྫོགས་པའི་བྱང་ཆུབ་ཏུ་ལུང་བསྟན་པ་དང་། གང་གིས་ལུང་བསྟན་པ་དང་། གང་ལ་ལུང་བསྟན་པའི་ཆོས་དེ་ཡང་བདག་གིས་ཡང་དག་པར་རྗེས་སུ་མ་མཐོང་སྟེ་། ཆོས་དེ་དག་ཐམས་ཅད་ནི་གཉིས་སུ་མེད་ཅིང་གཉིས་སུ་བྱར་མེད་པའོ་༎	T08n0228_017:0647b09_18	我不見有能答法及能答者，亦不見有所答法及所答者，乃至所用答法皆不可見，乃至一切法皆無所見，法無見故而無所答，亦無法可得授阿耨多羅三藐三菩提記。
T03D3790-3:13a-11	ཤའ་རིའི་བུས་སྨྲས་པ་།	T08n0228_017:0647b10_17	」爾時，尊者舍利子白慈氏菩薩摩訶薩言：
T03D3790-3:13a-12	ཆོས་དེ་དག་ཇི་སྐད་དུ་བཤད་བ་དེ་བཞིན་དུ་ཆོས་དེ་དག་ཁྱོད་ཀྱིས་མངོན་དུ་བྱས་སམ་།	T08n0228_017:0647b11_9	「如菩薩所說，證是法耶？
T03D3790-3:13a-13	བྱམས་པས་སྨྲས་པ་།	T08n0228_017:0647b11_16	」慈氏菩薩言：
T03D3790-3:13a-14	ཆོས་དེ་དག་ཇི་སྐད་ཁོ་བོས་བཤད་པ་དེ་ལྟར་ཆོས་དེ་དག་བདག་གིས་མངོན་དུ་བྱས་པ་མེད་དོ་༎	T08n0228_017:0647b11_21	「舍利子！ 我不證是法，我於諸法中不見有法而可得證，不可以身得，不可以心得，亦非語言分別思惟可得，於是義中畢竟無得。
T03D3790-3:13a-16	མ་ལ་བྱང་ཆུབ་སེམས་དཔའ་སེམས་དཔའ་ཆེན་པོ་བྱམས་པ་འདི་ནི་ཤེས་རབ་ཟབ་མོ་དང་ལྡན་པ་སྟེ་། འདི་ནི་ཡུན་རིང་པོར་སྦྱིན་པའི་ཕ་རོལ་ཏུ་ཕྱིན་པ་ལ་སྤྱོད་པ་དང་། ཚུལ་ཁྲིམས་ཀྱི་ཕ་རོལ་ཏུ་ཕྱིན་པ་དང་། བཟོད་པའི་ཕ་རོལ་ཏུ་ཕྱིན་པ་དང་། བརྩོན་འགྲུས་ཀྱི་ཕ་རོལ་ཏུ་ཕྱིན་པ་དང་། བསམ་གཏན་གྱི་ཕ་རོལ་ཏུ་ཕྱིན་པ་དང་། ཤེས་རབ་ཀྱི་ཕ་རོལ་ཏུ་ཕྱིན་པ་ལ་སྤྱོད་ཅིང་མི་དམིགས་པར་སྤྱོད་པས་མི་དམིགས་༄༡༣བ་པ་ཉིད་བསྟན་པ་ཡིན་སྙམ་མོ་༎	T08n0228_017:0647b15_10	一切法無性，法自性如是。 」佛說佛母出生三法藏般若波羅蜜多經卷第十七西天譯經三藏朝奉大夫試光祿卿傳法大師賜紫臣施護奉　詔譯甚深義品第十九之二爾時，尊者舍利子作是念： 「慈氏菩薩摩訶薩已得甚深智慧，於長夜中勤行般若波羅蜜多。
T03D3790-3:13b-1	དེ་ནས་བཅོམ་ལྡན་འདས་ཀྱིས་ཚེ་དང་ལྡན་པ་ཤའ་རིའི་བུ་ལ་འདི་སྐད་ཅེས་བཀའ་སྩལ་ཏོ་༎	T08n0228_017:0647b28_2	」爾時，世尊知舍利子心所念已，即告舍利子言：
T03D3790-3:23a-21	བཅོམ་ལྡན་འདས་ཀྱིས་བཀའ་སྩལ་པ་།	T08n0228_017:0648c21_2	」佛言：
T03D3790-3:23b-0	ཀུན་དགའ་བོ་སྲིང་མི་འདིས་ནི་དེ་བཞིན་གཤེགས་པ་དགྲ་བཅོམ་པ་ཡང་དག་པར་རྫོགས་པའི་སངས་རྒྱས་མར་མེ་མཛད་ཀྱི་དྲུང་དུ་དགེ་བའི་རྩ་བ་བསྐྱེད་ནས་བླ་ན་མེད་པ་ཡང་དག་པར་རྫོགས་པའི་བྱང་ཆུབ་༄༢༣བ་ཏུ་སེམས་བསྐྱེད་དེ་།	T08n0228_017:0648c21_6	「阿難！ 此昂誐襧嚩女人最初於彼燃燈如來、應供、正等正覺所，發阿耨多羅三藐三菩提心。
T03D3790-3:23b-1	དགེ་བའི་རྩ་བ་དེ་ཡང་བླ་ན་མེད་པ་ཡང་དག་པར་རྫོགས་པའི་བྱང་ཆུབ་ཏུ་ཡོངས་སུ་བསྔོས་སོ་༎ དེ་བཞིན་གཤེགས་པ་དགྲ་བཅོམ་པ་ཡང་དག་པར་རྫོགས་པའི་སངས་རྒྱས་མར་མེ་མཛད་དེ་ལ་ཡང་བླ་ན་མེད་པ་ཡང་དག་པར་རྫོགས་པའི་བྱང་ཆུབ་དོན་དུ་གཉེར་བའི་ཕྱིར་གསེར་གྱི་མེ་ཏོག་ཉིད་ཀྱིས་གཏོར་རོ་༎	T08n0228_017:0648c24_14	爾時，我於燃燈如來、應供、正等正覺所，持以五莖優鉢羅華而為供養。 我時證得無生法忍，彼燃燈如來知我善根成熟，即為授阿耨多羅三藐三菩提記，作是言：
T03D3790-3:23b-4	དེ་བཞིན་གཤེགས་པ་དགྲ་བཅོམ་པ་ཡང་དག་པར་རྫོགས་པའི་སངས་རྒྱས་མར་མེ་མཛད་ལ་ཨཽཏཔལ་ལྔ་གཏོར་བ་དེའི་ཚེ་། དེ་བཞིན་གཤེགས་པ་དགྲ་བཅོམ་པ་ཡང་དག་པར་རྫོགས་པའི་སངས་རྒྱས་མར་མེ་མཛད་དེས་ང་དགེ་བའི་རྩ་བ་དང་ལྡན་པར་མཁྱེན་ནས་ང་བླ་ན་མེད་པ་ཡང་དག་པར་རྫོགས་པའི་བྱང་ཆུབ་ཏུ་ལུང་བསྟན་ཏོ་༎	T08n0228_017:0649a02_11	爾時此女在彼佛會，聞佛授我阿耨多羅三藐三菩提記，時彼女人即持金華亦供養佛。 華供養已，即作是念：
T03D3790-3:23b-6	དེའི་ཚེ་སྲིང་མོ་འདིས་ངའི་ལུང་བསྟན་བ་དེ་ཐོས་ནས་འདི་སྙམ་དུ་བདག་ཀྱང་ཇི་ལྟར་བྲམ་ཟེའི་ཁྱེའུ་འདི་ལུང་བསྟན་པ་དེ་བཞིན་དུ་མ་འོངས་པའི་དུས་ན་བླ་ན་མེད་པ་ཡང་དག་པར་རྫོགས་པའི་བྱང་ཆུབ་ཏུ་ལུང་བསྟན་པར་གྱུར་ཅིག	T08n0228_017:0649a03_6	『快哉！ 此善男子今得授記。 願我當來得授記時，亦如此人今日無異。
T03D3790-3:23b-8	ཀུན་དགའ་བོ་དེ་ལྟར་སྲིད་མོ་འདིས་དེ་བཞིན་གཤེགས་པ་དྲ་བཅོམ་པ་ཡང་དག་པར་རྫོགས་པའི་སངས་རྒྱས་དེའི་དྲུང་དུ་བླ་ན་མེད་པ་ཡང་དག་པར་རྫོགས་པའི་བྱང་ཆུབ་ཏུ་སེམས་དང་པོ་བསྐྱེད་དོ་༎	T08n0228_017:0649a04_17	』阿難！ 是故當知，此昂誐襧嚩女人發菩提心而甚久遠。
T03D3790-3:23b-9	ཀུན་དགའ་བོས་གསོལ་པ་།	T08n0228_017:0649a06_4	」阿難白佛言：
T03D3790-3:23b-10	བཅོམ་ལྡན་འདས་སྲིང་མོ་འདི་ནི་བླ་ན་མེད་པ་ཡང་དག་པར་རྫོགས་པའི་བྱང་ཆུབ་ཀྱི་དོན་དུ་ཡོངས་སུ་སྦྱང་བར་བགྱིས་སོ་༎	T08n0228_017:0649a06_8	「世尊！ 善哉，善哉！ 今此女人久已修習阿耨多羅三藐三菩提行。
T03D3790-3:23b-11	བཅོམ་ལྡན་འདས་ཀྱིས་བཀའ་སྩལ་པ་།	T08n0228_017:0649a07_15	」佛言：
T03D3790-3:23b-17	བཅོམ་ལྡན་འདས་ཤེས་རབ་ཀྱི་ཕ་རོལ་ཏུ་ཕྱིན་པ་ལ་སྤྱོད་པའི་བྱང་ཆུབ་སེམས་དཔའ་སེམས་དཔའ་ཆེན་པོས་ཇི་ལྟར་སྟོང་བ་ཉིད་ལ་ཡོངས་སུ་འདུས་བར་བགྱི་། ཇི་ལྟར་སྟོང་པ་ཉིད་ཀྱི་ཏིང་ངེ་འཛིན་ལ་སྙོམས་པར་འཇུག་པར་བགྱི་། ཇི་ལྟར་མཚན་མ་མེད་པ་༄༢༤ཨ་༌་༎	T08n0228_017:0649a12_15	「世尊！ 若菩薩摩訶薩欲行般若波羅蜜多，應云何學空？
T03D3790-3:24a-2	ཇི་ལྟར་མཚན་མ་མེད་པའི་ཏིང་ངེ་འཛིན་ལ་སྙོམ་པར་འཇུག་པར་བགྱི་།	T08n0228_017:0649a14_4	云何入空三摩地？
T03D3790-3:24a-8	རབ་འབྱོར་འདི་ལ་བྱང་ཆུབ་སེམས་དཔའ་སེམས་དཔའ་ཆེན་པོ་ཤེས་རབ་ཀྱི་ཕ་རོལ་ཏུ་ཕྱིན་པ་ལ་སྤྱོད་པས་གཟུགས་སྟོང་ཞེས་བྱ་བར་བརྟག་པར་བྱའོ་༎ ཚོར་བ་དང་། འདུ་ཤེས་དང་། འདུ་བྱེད་རྣམས་དང་། རྣམ་པར་ཤེས་པ་སྟོང་ཞེས་བྱ་བར་བརྟག་པར་བྱའོ་༎ སྐྱེ་མཆེད་དང་། ཁམས་དང་། རྟེན་ཅིང་འབྲེལ་བར་འབྱུང་བ་སྟོང་ཞེས་བྱ་བར་བརྟག་པར་བྱའོ་༎ ཕ་རོལ་ཏུ་ཕྱིན་པ་ཐམས་ཅད་དང་། སྟོད་པ་ཉིད་ཐམས་ཅད་དང་། བྱང་ཆུབ་ཀྱི་ཕྱོགས་ཀྱི་ཆོས་སུམ་ཅུ་རྩ་བདུན་སྟོང་ཞེས་བྱ་བར་བརྟག་པར་བྱའོ་༎ སངས་རྒྱས་ཀྱི་ཆོས་མ་འདྲེས་པ་བཅོ་བརྒྱད་ཀྱི་བར་དུ་སྟོང་ཞེས་བྱ་བར་བརྟག་པར་བྱའོ་༏	T08n0228_017:0649a14_13	「須菩提！
T03D3790-3:23b-12	ཀུན་དགའ་བོ་དེ་དེ་བཞིན་ནོ་༎	T08n0228_017:0649a07_19	「阿難！ 如是，如是！
T03D3790-3:23b-14	ཇི་སྐད་དུ་སྨྲས་པ་དེ་བཞིན་ནོ་༎ ཀུན་དགའ་བོ་སྲིང་མོ་འདིས་ནི་བླ་ན་མེད་པ་ཡང་དག་པར་རྫོགས་པའི་བྱང་ཆུབ་ཀྱི་དོན་དུ་ཡོངས་སུ་སྦྱང་བ་བྱས་བའོ་ཞེས་བྱ་བ་ནི་ཞིང་དག་པ་བླ་ན་མེད་པ་གསུངས་པ་ཡིན་ནོ་༎	T08n0228_017:0649a10_2	今此女人久已修習阿耨多羅三藐三菩提行，是故我今為授阿耨多羅三藐三菩提記。
T03D3790-3:23b-16	དེ་ནས་ཚེ་དང་ལྡན་པ་རབ་འབྱོར་གྱིས་བཅོམ་ལྡན་འདས་པ་འདི་སྐད་ཅེས་གསོལ་ཏོ་༎	T08n0228_017:0649a12_11	」20 善巧方便品善巧方便品第二十之一爾時，尊者須菩提白佛言：
T03D3790-3:24a-13	།འདོད་པའི་ཁམས་སྟོང་ཞེས་བ་བར་བརྟག་པར་བྱའོ་༎ གཟུགས་ཡོད་པའི་ཁམས་དང་། གཟུགས་མེད་པའི་ཁམས་སྟོང་ཞེས་བྱ་བར་བརྟག་པར་བྱའོ་༎ དེ་ཡང་ཅི་ལས་ཀྱང་དེ་ལྟར་བརྟགས་ན་སེམས་ག-ཡེང་པར་མི་འགྱུར་བ་དེ་ལྟར་བརྟག་པར་བྱ་སྟེ་། དེ་སེམས་མི་ག-ཡེང་པ་དང་ལྡན་པས་ཆོས་གང་མངོན་སུམ་དུ་བྱ་བའི་ཆོས་དེ་ཡང་དག་པར་རྗེས་སུ་མི་མཐོང་སྟེ་། ཆོས་དེ་ཡང་དག་པར་རྗེས་སུ་མི་མཐོང་བས་བས་བསམ་མངོན་དུ་མི་བྱེད་དོ་༎	T08n0228_017:0649a17_10	若菩薩摩訶薩欲行般若波羅蜜多，應觀色空，觀受、想、行、識空，應以不散亂心諦觀諸法空無所有，若一切法、若一切法性，悉不可見。
T03D3790-3:24a-18	དེ་ཅིའི་ཕྱིར་ཞེ་ན་། དེ་ནི་འདི་ལྟར་བྱང་ཆུབ་སེམས་དཔའ་སེམས་དཔའ་ཆེན་པོ་དེ་ཆོས་ཐམས་ཅད་རང་གི་མཚན་ཉིད་ཀྱིས་སྟོང་པའི་ཆོས་ལ་ལེགས་པར་བསླབས་པས་ཆོས་གང་ལ་ཡང་རྣམ་པར་གཅོད་པར་མི་བྱེད་དོ་༎ གང་ཞིག་མངོན་དུ་བྱེད་པ་དང་། གང་མངོན་དུ་བྱ་བ་དང་། གང་གིས་མངོན་དུ་བྱ་བའི་ཆོས་དེ་ཐམས་ཅད་ལྡན་པའམ་མི་ལྡན་པར་ཡང་དག་པར་རྗེས་སུ་མི་མཐོང་ངོ་༎	T08n0228_017:0649a18_8	雖復如是觀法性空，不應於中證空實際。
T03D3790-3:24a-21	རབ་འགྱུར་གྱིས་གསོལ་བ་།	T08n0228_017:0649a18_16	」須菩提白佛言：
T03D3790-3:24b-0	བཅོམ་ལྡན་འདས་༄༢༤བ་ཀྱིས་འདི་སྐད་དུ་བྱང་ཆུབ་སེམས་དཔའ་སེམས་དཔའ་ཆེན་པོས་སྟོང་པའི་ཆོས་རྣམས་མངོན་དུ་མི་བྱའོ་ཞེས་བཀའ་སྩལ་པ་དེ་ལ་།	T08n0228_017:0649a18_20	「世尊！ 如佛所說，菩薩摩訶薩不應證空者。 世尊！
T03D3790-3:25b-11	འགྲོ་བ་མང་པོའི་ཡིད་དུ་འོང་ཞིང་སྡུག་པ་ནི་བྱ་བ་གང་དང་གང་རྩོམ་ཡང་ཐམས་ཅད་དུ་རྙེད་པ་ཆེན་པོ་དང་ལྡན་ཏེ་། རྙེད་པ་དེས་སྐྱེ་བོ་མང་པོ་ལ་རིམ་གྲོར་བྱེད་།	T08n0228_017:0649b11_1	此人以是緣故，一切所向皆得大利，心意調柔適悅快樂。
T03D3790-3:25b-13	བསྟི་སྟང་དུ་བྱེད་ལ་། དེ་ཤིན་ཏུ་དགའ་ཞིང་སྤྲོ་བ་དང་། ཉམས་དགའ་ཞིང་ཡིད་བདེ་ནས་དགོས་པ་འགའ་ཞིག་གི་ཕྱིར་ཕ་མ་དང་། བུ་དང་ཆུང་མ་དག་ཁྲིད་དེ་།	T08n0228_017:0649b13_3	是人一時有小因緣，與其父母妻子眷屬經過曠野極大怖畏險惡道中，彼有盜賊、非人等類。
T03D3790-3:25b-17	འཇིགས་པར་མ་བྱེད་ཅིག་། མ་འཇིགས་ཤིག་། བདག་གིས་ཁྱེད་འབྲོག་དགོན་པ་འཇིགས་ཤིང་ཉམས་མི་བདེ་བ་འདི་ལས་མྱུར་དུ་གདོན་ཞིང་མྱུར་དུ་ཐར་བར་བྱའོ་ཞེས་མི་འཇིགས་པ་བྱིན་ཏེ་།	T08n0228_017:0649b15_14	『汝諸眷屬勿生驚怖，我有方便能令安樂過諸險難。
T03D3790-3:25b-18	འབྲོག་དགོན་པ་དེར་སྐྱེས་བུ་དེ་ལ་གསོད་པའི་དགྲ་ཕྱིར་རྒོལ་བ་མང་པོ་ཉེ་བར་གནས་པར་གྱུར་ནས་། སྐྱེས་བུ་དེ་ཡང་ཤེས་རབ་ཀྱི་མཐུ་དམ་པ་དང་ལྡན་པར་གྱུར་ཏེ་། དེས་ཕ་མ་དང་བུ་དང་ཆུང་མ་དག་འབྲོག་དགོན་པ་དེ་ནས་བཏོན་ཏེ་། བདེ་ཞིང་ཉོན་མ་མོངས་པར་ཐར་བར་བྱས་ནས་།	T08n0228_017:0649b16_17	』即化多人，執持種種鋒利器仗，衛護眷屬過是險難。
T03D3790-3:25b-22	ཕྱིར་གྲོང་ངམ་། གྲོང་ཁྱེར་རམ་། གྲོང་རྡལ་ལམ་། ལྗོངས་ཀྱི་འདབ་ཏུ་མ་སྨས་མ་ཉམས་པར་ཕྱིན་ནས་དགའ་ཞིང་ཡིད་བདེ་བ་སྐྱེས་ཏེ་། དགྲ་ཕྱིར་རྒོལ་བའི་སེམས་ཅན་དེ་དག་ལ་ཡང་སེམས་ཀྱིས་སྡང་༄༢༦ཨ་༌་༎ བར་མི་བྱེད་དོ་༎	T08n0228_017:0649b17_17	彼諸盜賊、非人等類，皆悉退散無所侵惱。 彼諸眷屬過是難已，安樂吉祥到彼所向州城聚落。
T03D3790-3:24b-1	བཅོམ་ལྡན་འདས་ཇི་ལྟར་ན་བྱང་ཆུབ་སེམས་དཔའ་སེམས་དཔའ་ཆེན་པོ་སྟོང་པ་ཉིད་ལ་གནས་པ་སྟོང་པ་ཉིད་ལ་མངོན་སུམ་དུ་མི་བགྱིད་པ་ལགས་།	T08n0228_017:0649a20_14	菩薩住空三摩地，而復云何不證空耶？
T03D3790-3:24b-2	བཅོམ་ལྡན་འདས་ཀྱིས་བཀའ་སྩལ་པ་།	T08n0228_017:0649a20_18	」佛言：
T03D3790-3:24b-3	རབ་འབྱོར་གང་གི་ཚེ་བྱང་ཆུབ་སེམས་དཔའ་སེམས་དཔའ་ཆེན་པོ་རྣམ་པའི་མཆོག་ཐམས་ཅད་དང་ལྡན་པའི་སྟོང་པ་ཉིད་ལ་སོ་སོར་རྟོག་ན་། མངོན་དུ་བྱའོ་སྙམ་དུ་རྟོག་པར་མི་བྱེད་ཅིང་མངོན་དུ་བྱ་བ་མ་ཡིན་ནོ་སྙམ་དུ་རྟོག་པར་མི་བྱེད་ཀྱི་།	T08n0228_017:0649a21_1	「須菩提！ 菩薩摩訶薩雖於一切相具足觀空，但修學空而不於中取空為證。
T03D3790-3:25b-5	རབ་འབྱོར་འདི་ལྟ་སྟེ་དཔེར་ན་།	T08n0228_017:0649b04_4	「須菩提！
T03D3790-3:25b-6	སྐྱེས་བུ་ཞིག་དཔའ་བ་དང་། རྟུལ་ཕོད་པ་དང་། རྩལ་ཆེ་ལ་ཤིན་ཏུ་བརྟེན་པ་དང་། གཟུགས་མཛེས་པ་དང་། བྱད་བཞིན་བཟང་ཞིང་བལྟ་ན་སྡུག་པ་དང་། ཁ་དོག་བཟང་པོ་མཆོག་ཏུ་རྒྱས་པ་དང་ལྡན་པ་། འཕོང་རྩལ་མཆོག་ཏུ་བྱང་བ་། མཚོན་ཆ་སྲ་བ་ཐོགས་པ་། སྒྱུ་རྩལ་དྲུག་ཅུ་རྩ་བཞི་པོ་ཐམས་ཅད་ཡོངས་སུ་རྫོགས་པ་། བཟོའི་གནས་དང་། ལས་ཀྱི་གནས་ཐམས་ཅད་རྟོགས་པར་རིག་པ་།	T08n0228_017:0649b09_14	譬如有人色相端正最上勇猛，精進堅固富樂自在，自他語言有所義利，辯才無礙智慧明了，知時知方知處所向所行，通達善惡明解算數，一切伎術善能成就，勇健多力能敵他軍，乃至世間一切種事而悉曉了，人所愛樂瞻視親近尊重恭敬。
T03D3790-3:26a-2	དེ་ཅིའི་ཕྱིར་ཞེ་ན་།	T08n0228_017:0649b19_5	何以故？
T03D3790-3:26a-3	སྐྱེས་བུ་དེས་སྒྱུ་རྩལ་ཐམས་ཅད་ལ་བྱང་པར་བྱས་པས་དེས་འབྲོག་དགོན་པ་དེར་ཕྱིར་རྒོལ་བ་དེ་དག་ལས་ཕྱིར་རྒོལ་བ་གཞན་ཆེས་ཕལ་ཆེ་བ་ཆེས་མང་བ་། ཆེས་དཔའ་བ་། ཆེས་མཚོན་ཆ་སྲ་བ་དང་ལྡན་པ་དག་སྤྲུལ་ཏེ་། ཕྱིར་རྒོལ་བ་དེ་དག་ཐམས་ཅད་འཇིགས་པ་དེས་མེད་པར་གྱུར་ནས་།	T08n0228_017:0649b20_14	是人有智有慧最勝勇猛，大力成就堅固不退，彼盜賊等不能敵故。
T03D3790-3:26a-7	སྐྱེས་བུ་དེས་ཕ་མ་དང་། བུ་དང་ཆུང་མ་དེ་དག་ཉོན་མ་མོངས་པར་བྱས་ནས་བདེ་བར་རྣམ་པར་སྤྱོད་པ་ཞིག་ཡོད་ན་། རབ་འབྱོར་དེ་བཞིན་དུ་གང་གི་ཚེ་བྱང་ཆུབ་སེམས་དཔའ་སེམས་དཔའ་ཆེན་པོ་སེམས་ཅན་ཐམས་ཅད་ལ་བྱམས་པར་དམིགས་པའི་སེམས་དང་། སྙིང་རྗེ་དང་། དགའ་བ་དང་། བཏང་སྙོམས་སུ་དམིགས་པའི་སེམས་ཀྱིས་ཁྱབ་པར་བྱས་ནས་གནས་ཏེ་། དེའི་སྐབས་སུ་བྱང་ཆུབ་སེམས་དཔའ་སེམས་དཔའ་ཆེན་པོ་ཚད་མེད་པ་བཞི་ལ་གནས་ཤིང་ཕ་རོལ་ཏུ་ཕྱིན་པ་དྲུག་ཀྱང་ཡོངས་སུ་རྫོགས་པར་བྱེད་དོ༎ ཡོངས་སུ་རྫོགས་པར་བྱས་ནས་ཟག་པ་ཟད་པ་མ་ཐོབ་བཞིན་དུ་རྣམ་པ་ཐམས་ཅད་མཁྱེན་པ་ཉིད་ལ་ཡོངས་སུ་འདྲིས་པར་བྱེད་དོ་༎ རྣམ་པར་ཐར་པའི་སྒོ་སྟོང་པ་ཉིད་དང་། མཚན་མ་མེད་པ་དང་། སྨོན་པ་མེད་པ་ལ་གནས་ཤིང་རྣམ་པ་ཐམས་ཅད་མཁྱེན་པ་ཉིད་ལ་ཡོངས་སུ་འདྲིས་པར་བྱེད་དོ་༎	T08n0228_017:0649b24_16	菩薩摩訶薩亦復如是，悲愍利樂一切眾生，常行慈悲喜捨四無量行，得般若波羅蜜多力所護故，具善巧方便，以諸善根迴向一切智，雖修空、無相、無作三摩地解脫門而不證實際。 菩薩摩訶薩過諸煩惱及煩惱分，過諸惡魔及助魔者，過聲聞地及緣覺地，住三摩地亦不盡漏。
T03D3790-3:26a-13	མཚན་མ་མེད་པའི་ཏིང་ངེ་འཛིན་གང་མངོན་དུ་བྱས་པས་ཉན་ཐོས་ཀྱིས་སའམ་། རང་སངས་རྒྱས་ཀྱི་ས་ལ་གནས་པར་འགྱུར་བ་དེ་ལྟ་བུ་ཡང་མངོན་དུ་མི་བྱེད་དོ་ཞེས་བྱ་བ་ནི་བར་ཆད་ཀྱི་ཆོས་རྣམས་ལས་ཡང་དག་པར་འདའ་བ་ཡིན་ནོ་༎	T08n0228_017:0649c04_11	菩薩摩訶薩雖行空三摩地解脫門，而於是中不證無相、不墮有相。
T03D3790-3:26a-18	རབ་འབྱོར་དེ་བཞིན་དུ་བྱང་ཆུབ་སེམས་དཔའ་སེམས་དཔའ་ཆེན་པོ་ཡང་སྟོང་པ་ཉིད་ལ་ཡོངས་སུ་འདྲིས་པར་བྱེད་ཅིང་སྟོང་པ་ཉིད་ལའང་གནས་། མཚན་མ་མེད་པ་དང་། སྨོན་པ་མེད་པ་ལ་ཡོངས་སུ་འདྲིས་པར་ཅི་མཚན་མ་མེད་པ་དང་། སྨོན་པ་མེད་པ་ལ་ཡང་རྣམ་པར་སྤྱོད་དེ་། སྟོང་པ་ཉིད་དང་། མཚན་མ་མེད་པ་དང་། སྨོན་པ་མེད་པ་གང་མངོན་དུ་བྱས་པས་དེ་བཞིན་༄༢༦བ་གཤེགས་པའི་སྟོབས་བཅུ་དང་། མི་འཇིགས་པ་བཞི་དང་། སོ་སོ་ཡང་དག་པར་རིག་པ་བཞི་དང་། བྱམས་པ་ཆེན་པོ་དང་། སྙིང་རྗེ་ཆེན་པོ་དང་། སངས་རྒྱས་ཀྱི་ཆོས་མ་འདྲེས་པ་བཅབ༹་བརྒྱད་ཡོངས་སུ་མ་རྫོགས་པར་ཉན་ཐོས་ཀྱི་སའམ་། རང་སངས་རྒྱས་ཀྱི་སར་ལྟུང་བར་འགྱུར་བའང་མངོན་དུ་མི་བྱེད་དེ་། སངས་རྒྱས་ཀྱི་ཆོས་ཚད་མེད་པ་ལ་སྤྱད་ནས་རྣམ་པ་ཐམས་ཅད་མཁྱེན་པ་ཉིད་ཐོབ་པར་བྱེད་དོ་ཞེས་བྱ་བ་ནི་མི་གནས་པར་གནས་པའི་ཐབས་ལ་མཁས་པ་ཡིན་ནོ་།	T08n0228_017:0649c08_10	菩薩摩訶薩亦復如是，雖行空學空、行無相學無相、行無作學無作，未具足佛法，終不墮空、無相、無作。
T03D3790-3:26b-4	༎ ། རབ་འབྱོར་འདི་ལྟ་སྟེ་དཔེར་ན་སྐྱེས་བུ་མཐུ་དང་ལྡན་པ་།	T08n0228_017:0649c08_14	須菩提！
T03D3790-3:26b-5	འཕོང་རྩལ་གྱི་སློབ་དཔོན་དུ་གྱུར་པ་༏་འཕོང་རྩལ་བསླབ་པ་ལ་ཤིན་ཏུ་བྱང་བ་ཞིག་ཡོད་ལ་། དེས་མདའ་ཞིག་གནམ་དུ་འཕངས་ཏེ་། མདའ་དེ་གནམ་དུ་འཕངས་ནས་མདའ་གཞན་གཅིག་ནས་གཅིག་ཏུ་བརྒྱུད་དེ་འཕངས་པས་མདའ་སྔ་མ་དེ་ས་ལ་ལྷུང་དུ་མ་བཅུག་སྟེ་། ཇི་སྲིད་དུ་སྐྱེས་བུ་དེས་ད་ནི་མདའ་འདི་ས་ལ་ལྷུང་བར་བྱའོ་སྙམ་དུ་འདོད་པར་མ་བྱས་པ་དེ་སྲིད་དུ་མདའ་དེ་ས་ལ་མི་ལྷུང་སྟེ་།	T08n0228_017:0649c11_6	又如有人於射師所學彼射法，學已精熟而復巧妙，即時仰射虛空，初箭發已後箭即發，箭箭相注隨意久近是箭不墮。
T03D3790-3:26b-10	ནམ་མདའ་ཕྱི་མ་མ་འཕངས་པ་དེའི་ཚེ་། མདའ་གཅིག་ནས་གཅིག་ཏུ་བརྒྱུད་པ་དེ་དག་ས་ལ་ལྟུང་ངོ་༎ རབ་འབྱོར་དེ་བཞིན་དུ་བྱང་ཆུབ་སེམས་དཔའ་སེམས་དཔའ་ཆེན་པོ་ཤེས་རབ་ཀྱི་ཕ་རོལ་ཏུ་ཕྱིན་པ་ལ་སྤྱོད་པ་ཐབས་ལ་མཁས་པས་ཡོངས་སུ་བཟུང་བ་ཡང་ཇི་སྲིད་དུ་དགེ་བའི་རྩ་བ་དེ་དག་བླ་ན་མེད་པ་ཡང་དག་པར་རྫོགས་པའི་བྱང་ཆུབ་ཏུ་ཡོངས་སུ་སྨིན་པར་མ་གྱུར་པ་དེ་སྲིད་དུ་ཡང་དག་པའི་མཐའ་དམ་པ་མངོན་དུ་མི་བྱེད་དོ་༎ ནམ་དགེ་བའི་རྩ་བ་དེ་དེ་དག་བླ་ན་མེད་པ་ཡང་དག་པར་རྫོགས་པའི་བྱང་ཆུབ་ཏུ་ཡོངས་སུ་སྨིན་པར་གྱུར་པ་དེ་ན་ཡང་དག་པའི་མཐའ་དམ་པ་མངོན་དུ་བྱེད་དོ་༎	T08n0228_017:0649c16_3	菩薩摩訶薩亦復如是，為欲成就阿耨多羅三藐三菩提善根，得般若波羅蜜多力所護故，若未成就阿耨多羅三藐三菩提善根終不取證實際，乃至善根成已得圓滿阿耨多羅三藐三菩提，菩薩爾時乃證實際。
T03D3790-3:26a-15	རབ་འབྱོར་འདི་ལྟ་སྟེ་དཔེར་ན་།	T08n0228_017:0649c04_15	須菩提！
T03D3790-3:26a-16	འདབ་ཆགས་བྱ་ནི་བར་སྣང་ལ་རྒྱུ་ཞིང་ས་ལ་མི་ལྟུང་སྟེ་། ནམ་མཁའ་པར་སྣང་ལ་གནས་ཀྱང་དེ་ལ་གནས་པ་མེད་དོ་༎	T08n0228_017:0649c06_3	譬如飛鳥行於虛空而不墮地，雖行於空而不依空亦不住空。
T03D3790-3:26b-15	རབ་འབྱོར་དེ་བས་ན་བྱང་ཆུབ་སེམས་དཔའ་སེམས་དཔའ་ཆེན་པོ་ཤེས་རབ་ཀྱི་ཕ་རོལ་ཏུ་ཕྱིན་པ་ལ་སྤྱོད་པས་ཆོས་དེ་དག་གིས་ཆོས་ཉིད་དེ་ལྟར་ཡོངས་སུ་བརྟག་པར་བྱའོ་ཞེས་བྱ་བ་ནི་སྨོན་ལམ་གྱི་ཤུགས་ཀྱིས་འཕངས་པའི་ཐབས་མཁས་པ	T08n0228_017:0649c16_10	是故，須菩提！ 菩薩摩訶薩行般若波羅蜜多時，修般若波羅蜜多時，應如是諦觀諸法甚深實相，雖復觀已而不取證。
T03D3790-3:27a-5	བཅོམ་ལྡན་འདས་ངོ་མཚར་ཆེའོ་༎ བདེ་བར་གཤེགས་པ་ཤིན་ཏུ་ངོ་མཚར་ཆེའོ་༎	T08n0228_017:0649c21_13	世尊！ 甚為希有，甚為希有！
T03D3790-3:26b-16	ཡིན་ནོ་། དེ་སྐད་ཅེས་བཀའ་སྩལ་པ་དང་། ཚེ་དང་ལྡན་པ་རབ་འབྱོར་གྱིས་བཅོམ་ལྡན་འདས་ལ་འདི་སྐད་ཅེས་གསོལ་ཏོ་༎	T08n0228_017:0649c19_11	」爾時，尊者須菩提白佛言： 「世尊！
T03D3790-3:26b-17	བཅོམ་ལྡན་འདས་བྱང་ཆུབ་སེམས་དཔའ་སེམས་དཔའ་ཆེན་པོ་གང་ཆོས་ཉིད་ལ་སློབ་པ་། ཡང་དག་པའི་མཐའ་ལ་༄༢༧ཨ་༌་༎ སློབ་པ་། དེ་བཞིན་ཉིད་ལ་སློབ་པ་། ཆོས་ཀྱི་དབྱིངས་ལ་སློབ་པ་། རང་གི་མཚན་ཉིད་སྟོང་པ་ཉིད་ཀྱི་བར་ལ་སློབ་པ་།	T08n0228_017:0649c21_10	菩薩摩訶薩所為甚難最上甚難，雖行空學空入空三摩地，而不於中證空實際。
T03D3790-3:27a-14	༎ ། རབ་འབྱོར་གཞན་ཡང་བྱང་ཆུབ་སེམས་དཔའ་སེམས་དཔའ་ཆེན་པོ་གང་གི་ཚེ་འདི་ལྟ་སྟེ་། ནང་སྟོང་པ་ཉིད་དང་། ཕྱི་སྟོང་པ་ཉིད་དང་། ཕྱི་ནང་སྟོང་པ་ཉིད་དང་། དངོས་པོ་མེད་པའི་ངོ་བོ་ཉིད་སྟོང་པ་ཉིད་ཀྱི་བར་དང་། དྲན་པ་ཉེ་བར་གཞག་པ་དང་། ཡང་དག་པར་སྤོང་བ་དང་། རྫུ་འཕྲུལ་གྱི་རྐང་པ་དང་། དབང་པོ་དང་། སྟོབས་དང་། བྱང་ཆུབ་ཀྱི་ཡན་ལག་དང་། འཕགས་པའི་ལམ་ཡན་ལག་བརྒྱད་པ་དང་། རྣམ་པར་ཐར་པའི་སྒོ་གསུམ་དང་། གནས་ཟབ་མོ་དེ་དག་ལ་བརྟག་པར་འདོད་པར་གྱུར་ན་།	T08n0228_017:0650a03_18	』未具足佛法，終不於中證空實際。 「復次，須菩提！ 菩薩摩訶薩若欲入甚深空性者，所謂應入空三摩地解脫門、無相三摩地解脫門、無作三摩地解脫門。
T03D3790-3:30b-0	སྟོང་པ་ཉིད་དང་། ཡང་དག་པའི་མཐའ་གང་རྟོགས་པས་རྒྱུན་དུ་ཞུགས་པའི་༄༣༠བ་འབྲས་བུ་ཐོབ་པར་འགྱུར་བ་དང་། ལན་ཅིག་ཕྱིར་འོང་བའི་འབྲས་བུ་དང་། ཕྱིར་མི་འོང་བའི་འབྲས་བུ་དང་། དགྲ་བཅོམ་པ་ཉིད་དང་། རང་བྱང་ཆུབ་ཐོབ་པར་འགྱུར་བའི་སྟོང་པ་ཉིད་མངོན་དུ་མི་བྱེད་ཅིང་། ཡང་དག་པའི་མཐའ་མངོན་དུ་མེད་བྱེད་པ་ཡིན་ནོ་༎ ཇི་ལྟར་ན་མཚན་མ་མེད་པ་དང་། སྨོན་པ་མེད་པ་དང་། མངོན་པར་འདུ་བྱ་བ་མེད་པ་དང་། སྐྱེ་བ་མེད་པ་དང་། དངོས་པོ་མེད་པ་མངོན་དུ་མི་བྱེད་ལ་། ཤེས་རབ་ཀྱི་ཕ་རོལ་ཏུ་ཕྱིན་པ་ཡང་སྒོམ་པ་ཡིན་ཞེས་དྲི་བར་བྱའོ་༎	T08n0228_017:0650c04_13	即得入空不證空，入無相、無願、無作、無起、無生、無性，不證無相乃至無性，而能修習般若波羅蜜多耶？
T03D3790-3:30b-4	རབ་འབྱོར་གལ་ཏེ་བྱང་ཆུབ་སེམས་དཔའ་སེམས་དཔའ་ཆེན་པོ་དེ་ལ་བྱང་ཆུབ་སེམས་དཔའ་དག་གིས་འདི་སྐད་དུ་དྲིས་པ་ན་།	T08n0228_017:0650c05_1	』若菩薩作是言：
T03D3790-3:30b-5	འདི་སྐད་དུ་ཁྱེད་ཀྱིས་སྟོང་པ་ཉིད་ཁོ་ན་ཡིད་ལ་བྱ་། ཁྱེད་ཀྱི་མཚན་མ་མེད་པ་ཉིད་ཡིད་ལ་བྱ་། ཁྱེད་ཀྱིས་སྨོན་པ་མེད་པ་ཉིད་ཡིད་ལ་བྱ་། ཁྱེད་ཀྱིས་མངོན་པར་འདུ་བྱ་བ་མེད་པ་ཉིད་ཡིད་ལ་བྱ་། ཁྱེད་ཀྱིས་སྐྱེ་བ་མེད་པ་ཉིད་ཡིད་ལ་བྱ་། ཁྱེད་ཀྱིས་འགག་པ་མེད་པ་ཉིད་ཡིད་ལ་བྱ་།	T08n0228_017:0650c06_20	『欲成就阿耨多羅三藐三菩提者，但應念空，念無相、無願、無作、無起、無生、無性。
T03D3790-3:30b-11	ཁྱེད་ཀྱིས་དངོས་པོ་མེད་པ་ཉིད་ཡིད་ལ་བྱ་སྟེ་། སེམས་ཅན་ཐམས་ཅད་ཀྱང་ཡོངས་སུ་མི་གཏང་བར་བྱའོ་ཞེས་ལུང་སྟོན་པར་བྱེད་ན་།	T08n0228_017:0650c07_19	』如是答者，是即捨離一切眾生，未能具足善巧方便。
T03D3790-3:27a-7	བཅོམ་ལྡན་འདས་ཀྱིས་བཀའ་སྩལ་པ་།	T08n0228_017:0649c23_8	」佛告尊者須菩提言：
T03D3790-3:27a-10	རབ་འབྱོར་བྱང་ཆུབ་སེམས་དཔའ་སེམས་དཔའ་ཆེན་པོ་གང་སེམས་ཅན་ཐམས་ཅད་ནི་བདག་གིས་ཡོངས་སུ་མ་བཏང་སྟེ་།	T08n0228_017:0649c26_7	須菩提！ 彼菩薩發如是最勝大願： 『我應度一切眾生，不捨一切眾生。
T03D3790-3:27a-11	དམ་པ་མ་ཡིན་པའི་ཆོས་ལ་གནས་པ་འདི་དག་ནི་བདག་གིས་ཡོངས་སུ་སྒྲོལ་པར་བྱའོ་ཞེས་དེ་ལྟ་བུའི་སེམས་མངོན་པར་སྒྲུབ་ཅིང་ནམ་བྱང་ཆུབ་སེམས་དཔའ་སེམས་དཔའ་ཆེན་པོ་ཐབས་ལ་མཁས་པ་དང་ལྡན་པས་རྣམ་པར་ཐར་པའི་སྒོ་སྟོང་པ་ཉིད་ཀྱི་ཏིང་ངེ་འཛིན་མངོན་པར་སྒྲུབ་པ་དང་། རྣམ་པར་ཐར་པའི་སྒོ་མཚན་མ་མེད་པའི་ཏིང་ངེ་འཛིན་མངོན་པར་སྒྲུབ་པ་དང་། རྣམ་པར་ཐར་པའི་སྒོ་སྨོན་པ་མེད་པའི་ཏིང་ངེ་འཛིན་མངོན་པར་སྒྲུབ་པ་དེའི་ཚེ་།	T08n0228_017:0649c29_10	』菩薩發是願已，即入空三摩地解脫門、無相三摩地解脫門、無作三摩地解脫門。 菩薩雖入是諸解脫門，而不於中取證實際。
T03D3790-3:57b-15	༎ ། རབ་འབྱོར་འདི་ལྟ་སྟེ་དཔེར་ན་།	T08n0228_021:0659a16_19	須菩提！
T03D3790-3:58a-0	ཤེས་རབ་ཀྱི་ཕ་རོལ་ཏུ་ཕྱིན་པའི་བསླབ་པ་འདི་ལ་སློབ་པའི་༄༥༨ཨ་༌་༎ སེམས་ཅན་དེ་ལྟ་བུ་ཡང་ཉུང་སྟེ་། སེམས་ཅན་གང་ཉན་ཐོས་ཀྱི་སའམ་། རང་སངས་རྒྱས་ཀྱི་ས་ལ་གནས་པར་འགྱུར་བ་དེ་ལྟ་བུ་ནི་དེ་བས་ས་མང་ངོ་ཞེས་བྱ་བ་ནི་རྣམ་པར་འཕེལ་བ་བཅུ་པ་ཡིན་ནོ་།	T08n0228_021:0659a20_7	一切眾生亦復如是，於眾生聚中少能愛樂修學般若波羅蜜多者，多有愛樂修學聲聞、緣覺法門。
T03D3790-3:58a-4	༎ ། རབ་འབྱོར་འདི་ལྟ་སྟེ་དཔེར་ན་།	T08n0228_021:0659a20_11	須菩提！
T03D3790-3:58a-5	སེམས་ཅན་གང་འཁོར་ལོས་སྒྱུར་བའི་རྒྱལ་པོར་འགྱུར་བའི་ལས་ཡང་དག་པར་བླངས་ཏེ་གནས་པ་དེ་ལྟ་བུ་ནི་ཉུང་སྟེ་། སེམས་ཅན་གང་ཁམས་ཀྱི་རྒྱལ་ཕྲན་དུ་འགྱུར་བའི་ལས་ཡང་དག་པར་བླངས་ཤིང་གནས་པ་དེ་ལྟ་བུ་ནི་ཆེས་མང་ངོ་༎	T08n0228_021:0659a21_15	又如眾生聚中少有修彼輪王業者，但多修彼諸小王業。
T03D3790-3:58a-7	རབ་འབྱོར་དེ་བཞིན་དུ་སེམས་ཅན་གང་རྣམ་པ་ཐམས་ཅད་མཁྱེན་པའི་ལམ་འདིར་འཇུག་པ་དེ་ལྟ་བུ་ཡང་ཉུང་སྟེ་།	T08n0228_021:0659a21_19	須菩提！ 當知眾生聚中少有行於般若波羅蜜多道者，多有行於聲聞、緣覺道者，亦復如是。 「須菩提！
T03D3790-3:58a-10	རབ་འབྱོར་གང་ཡང་བྱང་ཆུབ་སེམས་དཔའ་སེམས་དཔའ་ཆེན་པོ་བླ་ན་མེད་པ་ཡང་དག་པར་རྫོགས་པའི་བྱང་ཆུབ་ཏུ་ཡང་དག་པར་ཞུགས་པ་དེ་དག་པས་ནི་བྱང་ཆུབ་སེམས་དཔའ་སེམས་དཔའ་ཆེན་པོ་གང་དེ་བཞིན་ཉིད་དུ་ནན་ཏན་བྱེད་པ་དེ	T08n0228_021:0659a25_12	須菩提！ 當知眾生聚中少有修習般若波羅蜜多行者，多有修習聲聞、緣覺行者，亦復如是。 須菩提！
T03D3790-3:59b-9	དེ་ཅིའི་ཕྱིར་ཞེ་ན་།	T08n0228_021:0659c10_15	何以故？
T03D3790-3:59b-10	རབ་འབྱོར་བྱང་ཆུབ་སེམས་དཔའ་སེམས་དཔའ་ཆེན་པོ་རྣམས་ཀྱི་ཤེས་རབ་ཀྱི་ཕ་རོལ་ཏུ་ཕྱིན་པ་ནི་དེ་ལྟར་དོན་ཆེན་པོར་འགྱུར་བ་སྟེ་། བླ་ན་མེད་པ་ཡང་དག་པར་རྫོགས་པའི་བྱང་ཆུབ་སྒྲུབ་པའོ་༎	T08n0228_021:0659c12_8	般若波羅蜜多廣大利益諸菩薩摩訶薩，復能護助阿耨多羅三藐三菩提故。 須菩提！
T03D3790-3:59b-12	རབ་འབྱོར་དེ་བས་ན་བྱང་ཆུབ་སེམས་དཔའ་སེམས་དཔའ་ཆེན་པོ་སེམས་ཅན་ཐམས་ཅད་ཀྱི་བླ་ན་མེད་པར་འགྱུར་བར་འདོད་པ་དང་། སེམས་ཅན་མགོན་མེད་པ་རྣམས་ཀྱི་མགོན་དུ་འགྱུར་བར་འདོད་པ་དང་། སྐྱབས་མེད་པ་རྣམས་ཀྱི་སྐྱབས་སུ་འགྱུར་བར་འདོད་པ་དང་། དཔུང་གཉེན་མེད་པ་རྣམས་ཀྱི་དཔུང་གཉེན་དུ་འགྱུར་བར་འདོད་པ་དང་། སྐྱོབ་མེད་པ་རྣམས་ཀྱི་སྐྱོབ་པར་འགྱུར་བར་འདོད་པ་དང་༏་གནས་མེད་པ་རྣམས་ཀྱི་གནས་སུ་འགྱུར་བར་འདོད་པ་དང་། གླིང་མེད་པ་རྣམས་ཀྱི་གླིང་དུ་འགྱུར་བར་འདོད་པ་དང་། མུན་པར་གནས་པ་རྣམས་ཀྱི་སྒྲོན་མེར་འགྱུར་བར་འདོད་པ་དང་། སངས་རྒྱས་སུ་འགྱུར་བར་འཐོབ་པར་འདོད་པ་དང་། སངས་རྒྱས་ཀྱི་ཡུལ་ཁོང་དུ་ཆུད་པར་འདོད་པ་དང་། སངས་རྒྱས་ཀྱི་རྣམ་པར་རོལ་པས་རྣམ་པར་རྩེ་བར་འདོད་པ་དང་།	T08n0228_021:0659c17_12	是故諸菩薩摩訶薩若欲於一切眾生中最勝無上，若欲與一切眾生為所依怙，若欲偏入諸佛境界，若欲具足佛功德法，若欲得佛遊戲神通，若欲作佛大師子吼，若欲得佛諸所行處，若欲普以三千大千世界大會說法。 須菩提！
T03D3790-3:59b-15	སངས་རྒྱས་ཀྱི་སེང་གེའི་སྒྲའི་ང་རོ་བསྒྲགས་པར་འདོད་པ་དང་། སངས་རྒྱས་ཀྱི་རྔ་བརྡུང་པར་འདོད་པ་དང་། སངས་རྒྱས་ཀྱི་དུང་འབུད་པར་འདོད་པ་དང་། སངས་རྒྱས་ཀྱི་གཏམ་བྱ་བར་འདོད་པས་ཤེས་རབ་ཀྱི་ཕ་རོལ་ཏུ་ཕྱིན་པ་ཟབ་མོ་འདི་ལ་བསླབ་པར་བྱའོ་༎ རབ་འབྱོར་ཤེས་རབ་ཀྱི་ཕ་རོལ་ཏུ་ཕྱིན་པ་ཟབ་མོ་འདི་ལ་སློབ་པའི་བྱང་ཆུབ་སེམས་དཔའ་སེམས་དཔའ་ཆེན་པོས་ནི་ཕུན་སུམ་ཚོགས་པ་གང་ཐོབ་པར་བྱ་བ་དེ་དག་ལས་མི་ཐོབ་པ་གང་ཡང་མེད་༄༦༠ཨ་༌་༎	T08n0228_021:0659c19_6	菩薩摩訶薩若欲成就如是等功德利者，應學是般若波羅蜜多。 學是般若波羅蜜多，不能圓滿諸功德利者，無有是處。
T03D3790-3:60a-1	དོ་༏་། རབ་འབྱོར་གྱིས་གསོལ་པ་།	T08n0228_021:0659c20_19	」須菩提白佛言：
T03D3790-3:60a-2	བཅོམ་ལྡན་འདས་ཉན་ཐོས་ཀྱི་ཕུན་སུམ་ཚོགས་པ་ཡང་དེས་ཐོབ་པར་བགྱི་བ་ལགས་སམ་། རང་སངས་རྒྱས་ཀྱི་ཕུན་སུམ་ཚོགས་པ་ཡང་དེས་ཐོབ་པར་བགྱི་བ་ལགས་སམ་།	T08n0228_021:0659c21_1	「世尊！ 菩薩摩訶薩亦具足聲聞功德利耶？
T03D3790-3:57b-16	ས་ཆེན་པོའི་ཕྱོགས་གང་ན་འཛམ་བུའི་ཆུ་ཀླུང་གི་གསེར་གྱི་ས་ལེ་སྦྲམ་འབྱུང་བ་དེ་ལྟ་བུ་ནི་ཉུང་ངོ་༎ རབ་འབྱོར་དེ་བཞིན་དུ་འདི་ལྟ་སྟེ་།	T08n0228_021:0659a18_2	譬如大地少出閻浮檀金，多諸荊棘砂礫草木等類。
T03D3790-3:60a-4	བཅོམ་ལྡན་འདས་ཀྱིས་བཀའ་སྩལ་པ་།	T08n0228_021:0659c21_20	」佛言：
T03D3790-3:60a-7	དེ་ལ་གནས་པར་མི་བྱ་། འདུག་པར་མི་བྱ་། ཤེས་པ་དང་མཐོང་བས་དེ་དག་བལྟས་ནས་འདའ་བར་བྱ་སྟེ་། བྱང་ཆུབ་སེམས་དཔའི་སྐྱོན་མེད་པར་འཇུག་པར་བྱའོ་༎ རབ་འབྱོར་དེ་ལྟར་སློབ་པའི་བྱང་ཆུབ་སེམས་དཔའ་སེམས་དཔའ་ཆེན་པོ་ནི་རྣམ་པ་ཐམས་ཅད་མཁྱེན་པ་ཉིད་དང་ཉེ་བར་གྱུར་པ་ཡིན་ཏེ་།	T08n0228_021:0659c24_19	菩薩摩訶薩雖如是學、如是知、得如是利，而不於中生住著心。 菩薩摩訶薩亦說彼聲聞法，而不取是法。
T03D3790-3:65a-15	དེ་ནས་འདོད་པ་ན་སྤྱོད་པ་དང་། གཟུགས་ཡོད་པ་ན་སྤྱོད་པའི་ལྷའི་བུ་ཤིན་ཏུ་མང་པོ་དག་འདི་སྙམ་དུ་གྱུར་ཏེ་།	T08n0228_021:0662a12_14	」爾時，有欲界千天子眾作如是念：
T03D3790-3:60a-5	རབ་འབྱོར་ཉན་ཐོས་ཀྱི་ཕུན་སུམ་ཚོགས་པ་ཡང་དེས་ཐོབ་པར་བྱ་ལ་། རང་སངས་རྒྱས་ཀྱི་ཕུན་སུམ་ཚོགས་པ་ཡང་དེས་ཐོབ་པར་བྱ་བ་དེས་།	T08n0228_021:0659c22_4	「須菩提！ 菩薩摩訶薩亦學是聲聞法，亦具足聲聞功德之利。 須菩提！
T03D3790-3:31a-9	བཅོམ་ལྡན་འདས་ཀྱིས་བཀའ་སྩལ་པ་།	T08n0228_017:0650c13_8	」佛言：
T03D3790-3:31a-10	རབ་འབྱོར་དེ་ནི་ཡོད་དེ་།	T08n0228_017:0650c13_13	「須菩提！
T03D3790-3:31a-11	གལ་ཏེ་བྱང་ཆུབ་སེམས་དཔའ་སེམས་དཔའ་ཆེན་པོས་ཕ་རོལ་ཏུ་ཕྱིན་པ་དྲུག་ཐོས་ཀྱང་རུང་། མ་ཐོས་ཀྱང་རུང་སྟེ་། ཕྱིར་མི་ལྡོག་པའི་བྱང་ཆུབ་སེམས་དཔའ་སེམས་དཔའ་ཆེན་པོ་ཇི་ལྟ་བ་བཞིན་དུ་ལན་ལྡོན་པའོ་༎	T08n0228_017:0650c15_18	當知彼不退轉菩薩摩訶薩者，於此甚深般若波羅蜜多法門，若聞若不聞，隨有所問，皆能於中正示正答。
T03D3790-3:31a-14	གསོལ་པ་། བཅོམ་ལྡན་འདས་དེའི་སླད་དུ་བྱང་ཆུབ་ཏུ་སྤྱོད་པ་ནི་མང་སྟེ་། ཕྱིར་མི་ལྡོག་པའི་བྱང་ཆུབ་སེམས་དཔའ་སེམས་དཔའ་ཆེན་པོས་ཡོངས་སུ་སྦྱངས་པའི་སའམ་།	T08n0228_017:0650c16_14	具是相者，是為不退轉菩薩摩訶薩。 」須菩提白佛言： 「世尊！
T03D3790-3:31a-16	ཡོངས་སུ་སྦྱངས་པ་མ་ལགས་པའི་ས་ལ་གནས་པ་བཞིན་དུ་ལན་འདེབས་པ་ནི་ཉུང་ངོ་༎	T08n0228_017:0650c17_17	菩薩多行菩提少能正答。
T03D3790-3:30b-13	རབ་འབྱོར་བྱང་ཆུབ་སེམས་དཔའ་སེམས་དཔའ་ཆེན་པོ་དེ་དག་གིས་བྱང་ཆུབ་སེམས་དཔའ་སེམས་དཔའ་ཆེན་པོ་འདི་ནི་སངས་རྒྱས་བཅོམ་ལྡན་འདས་དེ་དག་གིས་བླ་ན་མེད་པ་ཡང་དག་པར་རྫོགས་པའི་བྱང་ཆུབ་ཏུ་ལུང་བསྟན་པ་ཡིན་ནོ་ཞེས་བྱ་བར་རིག་པར་བྱའོ་༎	T08n0228_017:0650c10_1	當知是菩薩未於先佛如來、應供、正等正覺所得授阿耨多羅三藐三菩提記，未住不退轉地。
T03D3790-3:30b-15	དེ་ཅིའི་ཕྱིར་ཞེ་ན་།	T08n0228_017:0650c10_5	何以故？
T03D3790-3:30b-16	དེ་ནི་འདི་ལྟར་ཕྱིར་མི་ལྡོག་པའི་བྱང་ཆུབ་སེམས་དཔའ་སེམས་དཔའ་ཆེན་པོའི་ཡོངས་སུ་འདྲིས་པར་བྱ་བ་དེ་བརྗོད་དོ་༎ དེ་ལུང་སྟོན་ཏོ་༏་། དེ་རབ་ཏུ་འབྱེད་དོ་༎	T08n0228_017:0650c11_18	是菩薩不能宣說不退轉菩薩摩訶薩不共相，不能於其所問法中正示正答。
T03D3790-3:31a-8	བཅོམ་ལྡན་འདས་གང་གིས་སླར་མི་ལྡོག་པར་འགྱུར་པའི་རྣམ་གྲངས་དེ་ལྟ་བུ་མཆིས་སམ་།	T08n0228_017:0650c13_4	應云何知是不退轉菩薩摩訶薩？
T03D3790-3:31a-23	གང་རྣམ་པ་ལྟར་ལན་ལྡོན་པ་དེ་དག་ནི་དགེ་བའི་རྩ་བ་འབར་བ་བསྐྱེད་པར་རིག་པར་བྱའོ་༎ རབ་འབྱོར་བྱང་ཆུབ་སེམས་དཔའ་སེམས་དཔའ་ཆེན་པོ་དེ་ནི་ལྷ་དང་མི་དང་ལྷ་མ་ཡིན་དུ་བཅས་པའི་འཇིག་རྟེན་གྱིས་༄༣༡བ་མི་འཕྲོགས་པ་ཡིན་ནོ་ཞེས་བྱ་བ་ནི་ཡུལ་ཚད་མེད་པ་ལ་ཐབས་མཁས་པ་ཡིན་ཏེ་།	T08n0228_017:0650c21_8	當知是菩薩善根明淨具足方便，不為一切世間天、人、阿修羅等而能動壞。 是菩薩能善觀察一切法如夢，而於是中不證實際。 須菩提！
T03D3790-3:31b-3	བཅོམ་ལྡན་འདས་མ་ཤེས་རབ་ཀྱི་ཕ་རོལ་ཏུ་ཕྱིན་པ་སྟོང་ཕྲག་ཉི་ཤུ་ལྔ་པ་། མངོན་པར་རྟོགས་པ་རྒྱན་གྱི་རྗེས་སུ་འབྲངས་ནས་དག་པར་གཏུགས་པ་ལས་། རྣམ་པ་ཀུན་མངོན་པར་རྫོགས་པར་རྟོགས་པའི་དབང་དུ་བྱས་པ་དེ་བཞིན་ཉིད་ཀྱི་ལེའུ་སྟེ་བཞི་པའོ་། ༎ ། དེ་ནས་ཡང་བཅོམ་ལྡན་འདས་ཀྱིས་ཚེ་དང་ལྡན་པ་རབ་འབྱོར་ལ་འདི་སྐད་ཅེས་བཀའ་སྩལ་ཏོ་༎ རབ་འབྱོར་གལ་ཏེ་བྱང་ཆུབ་སེམས་དཔའ་སེམས་དཔའ་ཆེན་པོས་རྨི་ལམ་ན་ཡང་ཆོས་ཐམས་ཅད་རྨི་ལམ་དང་འདྲ་བ་ཉིད་དུ་ལྟ་།	T08n0228_017:0651a08_12	」西天譯經三藏朝奉大夫試光祿卿傳法大師賜紫臣施護奉　詔譯善巧方便品第二十之二爾時，世尊告尊者須菩提言：
T03D3790-3:31b-8	ཆོས་ཐམས་ཅད་སྒྲ་བརྙན་དང་འདྲ་བ་དང་། མིག་ཡོར་དང་འདྲ་བ་དང་། སྤྲུལ་པ་དང་འདྲ་བ་དང་། དྲི་ཟའི་གྲོང་ཁྱེར་དང་འདྲ་བར་ལྟ་བ་མངོན་དུ་བྱེད་ན་། རབ་འབྱོར་འདི་ནི་ཕྱིར་མི་ལྡོག་པའི་བྱང་ཆུབ་སེམས་དཔའ་སེམས་དཔའ་ཆེན་པོའི་ཕྱིར་མི་ལྡོག་པའི་མཚན་ཉིད་དུ་རིག་པར་བྱའོ་ཞེས་བྱ་བ་ནི་རྟགས་དང་པོ་ཡིན་ནོ་།	T08n0228_017:0651a10_1	「我今復說不退轉菩薩摩訶薩種種相貌，汝當諦聽，如善作意。 」須菩提言： 「善哉，世尊！ 願樂欲聞。
T03D3790-3:31b-10	༎ ། རབ་འབྱོར་གཞན་ཡང་གལ་ཏེ་བྱང་ཆུབ་སེམས་དཔའ་སེམས་དཔའ་ཆེན་པོས་རྨི་ལམ་ན་ཡང་ཉན་ཐོས་ཀྱི་སའམ་། རང་སངས་རྒྱས་ཀྱི་སའམ་། ཁམས་གསུམ་པ་ལ་འདོད་པའི་སེམས་མི་བསྐྱེད་།	T08n0228_017:0651a10_23	」佛言： 「須菩提！ 若菩薩摩訶薩，乃至夢中亦不愛樂聲聞、緣覺之地，亦不生彼住三界心。
T03D3790-3:31b-13	ལེགས་པའི་སེམས་མི་བསྐྱེད་ན་། རབ་འབྱོར་འདི་ནི་ཕྱིར་མི་ལྡོག་པའི་བྱང་ཆུབ་སེམས་དཔའ་སེམས་དཔའ་ཆེན་པོའི་ཕྱིར་མི་ལྡོག་པའི་རྟགས་སུ་རིག་པར་བྱའོ་ཞེས་བྱ་བ་ནི་རྟགས་གཉིས་པ་ཡིན་ནོ་།	T08n0228_017:0651a12_19	須菩提！ 有是相者，當知是為不退轉菩薩摩訶薩相。
T03D3790-3:31b-15	༎ ། རབ་འབྱོར་གཞན་ཡང་གལ་ཏེ་བྱང་ཆུབ་སེམས་དཔའ་སེམས་དཔའ་ཆེན་པོས་རྨི་ལམ་ན་ཡང་དེ་བཞིན་གཤེགས་པ་དགྲ་བཅོམ་པ་ཡང་དག་པར་རྫོགས་པའི་སངས་རྒྱས་ཞམ་འབྲིང་བརྒྱ་ཕྲག་དུ་མ་དང་། ཞམ་འབྲིང་སྟོང་ཕྲག་དུ་མ་དང་། ཞམ་འབྲིང་བརྒྱ་སྟོང་ཕྲག་དུ་མ་དང་། ཞམ་འབྲིང་བྱེ་བ་ཕྲག་དུ་མ་དང་། ཞམ་འབྲིང་བྱེ་བ་བརྒྱ་ཕྲག་དུ་མ་དང་། ཞམ་འབྲིང་བྱེ་བ་བརྒྱ་སྟོང་ཕྲག་དུ་མ་དང་། ཞམ་འབྲིང་བྱེ་བ་ཁྲག་ཁྲིག་བརྒྱ་སྟོང་ཕྲག་དུ་མ་མངའ་བ་།	T08n0228_017:0651a14_7	「復次，須菩提！ 若菩薩摩訶薩於其夢中，見百千俱胝那庾多數菩薩、聲聞、人、天大眾，恭敬圍繞如來、應供、正等正覺，聽其說法。
T03D3790-3:32a-3	རབ་འབྱོར་འདི་ཡང་ཕྱིར་མི་ལྡོག་པའི་བྱང་ཆུབ་སེམས་དཔའ་སེམས་དཔའ་ཆེན་པོའི་ཕྱིར་མི་ལྡོག་པའི་མཚན་ཉིད་དུ་རིག་པར་བྱའོ་ཞེས་བྱ་བ་ནི་རྟགས་གསུམ་པ་ཡིན་ནོ་།	T08n0228_017:0651a18_4	若彼夢中見是相者，當知是為不退轉菩薩摩訶薩相。 「復次，須菩提！
T03D3790-3:32a-4	༎ ། རབ་འབྱོར་གཞན་ཡང་གལ་ཏེ་བྱང་ཆུབ་སེམས་དཔའ་སེམས་དཔའ་ཆེན་པོས་རྨི་ལམ་ན་ཡང་དེ་བཞིན་གཤེགས་པ་དགྲ་བཅོམ་པ་ཡང་དག་པར་རྫོགས་པའི་སངས་རྒྱས་ནམ་མཁའ་ལ་ཡང་འཕགས་ཤིང་དགེ་སློང་གི་དགེ་འདུན་ལ་ཆོས་སྟོན་པ་མི་ཆེན་པོའི	T08n0228_017:0651a22_4	若菩薩摩訶薩於其夢中，自見其身處虛空中為人說法，及見自身放大光明，化苾芻相往彼他方諸世界中，施作佛事及為說法。
T03D3790-3:32a-9	སྤྲུལ་པ་དེ་དག་ཀྱང་འཇིག་རྟེན་གྱི་ཁམས་གཞན་དག་ཏུ་སངས་རྒྱས་ཀྱི་བྱ་བ་བྱེད་པ་མཐོང་ན་། རབ་འབྱོར་འདི་ཡང་ཕྱིར་མི་ལྡོག་པའི་བྱང་ཆུབ་སེམས་དཔའ་སེམས་དཔའ་ཆེན་པོའི་ཕྱིར་མི་ལྡོག་པའི་མཚན་ཉིད་དུ་རིག་པར་བྱའོ་ཞེས་བྱ་བ་ནི་རྟགས་བཞི་པ་ཡིན་ནོ་།	T08n0228_017:0651a23_11	若彼夢中見是相者，當知是為不退轉菩薩摩訶薩相。 「復次，須菩提！
T03D3790-3:32a-11	༎ ། རབ་འབྱོར་གཞན་ཡང་གལ་ཏེ་བྱང་ཆུབ་སེམས་དཔའ་སེམས་དཔའ་ཆེན་པོས་རྨི་ལམ་ན་ཡང་གྲོང་བཅོམ་པ་དང་། གྲོང་ཁྱེར་བཅོམ་པ་དང་། མེ་ཐར་བའམ་། གཅན་གཟན་ཁྲོ་བོ་མཐོང་ངམ་། དེ་མ་ཡིན་པའི་རི་དབ༹གས་གཏུམ་པོའི་རྣམ་པ་མཐོང་ངམ་། མགོ་བཅད་པར་གྱུར་བ་མཐོང་ངམ་། དེ་མ་ཡིན་པའི་འཇིགས་ཤིང་མི་བཟད་པ་དང་དངང་བར་གྱུར་པ་མཐོང་ངམ་།	T08n0228_017:0651a26_15	若菩薩摩訶薩於其夢中，見州城聚落悉為火焚一切破壞，諸惡蟲獸四散馳走，一切人眾皆大驚怖生苦惱心。
T03D3790-3:31a-17	བཅོམ་ལྡན་འདས་ཀྱིས་བཀའ་སྩལ་པ་།	T08n0228_017:0650c17_21	」佛言：
T03D3790-3:31a-18	རབ་འབྱོར་དེ་དེ་བཞིན་ནོ་༎ དེ་དེ་བཞིན་ཏེ་།	T08n0228_017:0650c18_2	「須菩提！
T03D3790-3:31a-20	དེ་ཅིའི་ཕྱིར་ཞེ་ན་། རབ་འབྱོར་དེ་ནི་འདི་ལྟར་བྱང་ཆུབ་སེམས་དཔའ་སེམས་དཔའ་ཆེན་པོ་གང་ཕྱིར་མི་ལྡོག་པའི་ཡེ་ཤེས་ཀྱི་སར་ལུང་བསྟན་པ་དེ་དག་ནི་ཉུང་སྟེ་། གང་ལུང་བསྟན་པ་དེ་དག་ནི་རྣམ་པ་དེ་བཞིན་དུ་ལན་ལྡོན་ཏེ་།	T08n0228_017:0650c18_17	少有住不退轉者，是故不能正答。 須菩提！ 若有已住不退轉者，彼能正答。
T03D3790-3:32a-16	སྡུག་བསྔལ་བ་དང་། ཡིད་མི་བདེ་བ་དང་། འཁྲུག་པ་མཐོང་ངམ་། བཀྲེས་པའམ་སྐོམ་པ་མཐོང་ངམ་། ཕ་ཤི་བའམ་། མ་ཤི་བའམ་། ཕུ་ནུ་ཤི་བའམ་། བུ་སྲིང་ཤི་བའམ་། གྲོགས་པོའམ་གཉེན་བཤེས་ཤི་བ་མཐོང་ན་མྱ་ངན་དང་། འཇིགས་པ་དང་། བྲེད་པ་དང་། ཀུན་ཏུ་སྐྲག་པར་མི་འགྱུར་ཏེ་། མི་དང་། ཀུན་ཏུ་མི་སྐྲག་། ཀུན་ཏུ་སྐྲག་པས་ཟིན་པར་མི་འགྱུར་ཏེ་།	T08n0228_017:0651a27_5	菩薩見已不驚不怖。
T03D3790-3:32b-0	རྨི་ལམ་དེ་རྨིས་༄༣༢བ་པའི་འོག་ཏུ་སང་ནས་ཀྱང་འདི་སྙམ་སྟེ་།	T08n0228_017:0651a27_15	從夢覺已，作是思惟：
T03D3790-3:32b-8	གཤིན་རྗེའི་འཇིག་རྟེན་པའི་སེམས་ཅན་མཐོང་ན་། དྲན་པ་གང་ཐོབ་པས་འདི་སྙམ་དུ་བདག་བླ་ན་མེད་པ་ཡང་དག་པར་རྫོགས་པའི་བྱང་ཆུབ་ཏུ་མངོན་པར་རྫོགས་པར་སངས་རྒྱས་ནས་། སངས་རྒྱས་ཀྱི་ཞིང་དེ་ན་ངན་སོང་གསུམ་པོ་ཐམས་ཅད་དུ་རྣམ་པ་ཐམས་ཅད་དུ་ཐམས་ཅད་མེད་པར་འགྱུར་ན་དེ་ལྟར་སྤྱད་དོ་སྙམ་པ་དེ་ལྟ་བུའི་དྲན་པ་ཐོབ་པོ་༎	T08n0228_017:0651b04_1	菩薩見已，作是思惟： 『願我當得阿耨多羅三藐三菩提時，佛剎清淨無有地獄，乃至不聞其名況復可見。
T03D3790-3:32b-14	༎ ། རབ་འབྱོར་གཞན་ཡང་གལ་ཏེ་བྱང་ཆུབ་སེམས་དཔའ་སེམས་དཔའ་ཆེན་པོ་རྨི་ལམ་མམ་སད་པའི་ཚེ་།	T08n0228_017:0651b09_17	』又，須菩提！ 若菩薩摩訶薩於其夢中，見諸畜生受極重苦。
T03D3790-3:33a-0	རྣམ་པ་གང་དག་དང་། རྟགས་གང་དག་དང་། མཚན་མ་གང་དག་མཐོང་བའི་རྣམ་པ་དང་། རྟགས་དང་། མཚན་མ་དེ་དག་དང་ལྡན་པའི་བྱང་ཆུབ་སེམས་དཔའ་སེམས་དཔའ་ཆེན་པོ་ཕྱིར་མི་ལྡོག་༄༣༣ཨ་༌་༎	T08n0228_017:0651b13_4	『願我當得阿耨多羅三藐三菩提時，佛剎清淨無有畜生，乃至不聞其名況復可見。 』須菩提！ 若彼夢中見是相者，當知是為不退轉菩薩摩訶薩相。 「復次，須菩提！
T03D3790-3:33a-1	པར་རིག་པར་བྱ་བའི་རྣམ་པ་དེ་དག་དང་། རྟགས་དེ་དག་དང་། མཚན་མ་དེ་དག་གལ་ཏེ་བདག་ལ་ཡོད་ན་། བདེན་པ་དེ་དང་བདེན་པའི་ཚིག་འདིས་གྲོང་ཁྱེར་མེས་ཚིག་པ་དེ་ཞི་བར་གྱུར་ཅིག་། བསིལ་བར་གྱུར་ཅིག་། མེད་པར་གྱུར་ཅིག་སྙམ་དུ་སེམས་པ་ལ་གཉིད་ལོག་པར་གྱུར་པའམ་སད་པས་རྣམ་པ་གང་དག་དང་རྟགས་གང་དག་དང་མཚན་མ	T08n0228_017:0651b16_8	若菩薩摩訶薩於諸方處，或見州城聚落忽為火焚。 菩薩見已，即作是言： 『如我夢中先所見相等無有異，我若已得安住不退轉者，願我以是實語力故，速令此火自然息滅，不復展轉遍諸方處。
T03D3790-3:33a-3	གང་དག་མཐོང་བ་དག་གལ་ཏེ་རྣམ་པ་གང་དག་དང་རྟགས་གང་དག་དང་མཚན་མ་གང་དག་དང་ལྡན་པས་བྱང་ཆུབ་སེམས་དཔའ་སེམས་དཔའ་ཆེན་པོ་ཕྱིར་མི་ལྡོག་པ་ཡིན་པའི་རྣམ་པ་དེ་དག་དང་རྟགས་དེ་དག་དང་མཚན་མ་དེ་དག་ང་ལ་ཡོད་པ་ཡིན་ན་། བདེན་པ་དང་བདེན་པའི་ཚིག་དེས་གྲོང་ཁྱེར་ཚིག་པ་ཞི་བར་གྱུར་ཅིག་། བསིལ་བར་གྱུར་ཅིག་། མེད་པར་གྱུར་ཅིག་སྙམ་དུ་སེམས་པས་།	T08n0228_017:0651b19_18	』須菩提！ 彼菩薩作是言已，即時若能火自息滅，當知是菩薩已從先佛如來、應供、正等正覺所，得授阿耨多羅三藐三菩提記，已住不退轉地。
T03D3790-3:33a-6	གལ་ཏེ་ཞི་བ་དང་བསིལ་པ་དང་མེད་པར་གྱུར་ན་། རབ་འབྱོར་བྱང་ཆུབ་སེམས་དཔའ་སེམས་དཔའ་ཆེན་པོ་དེ་ནི་བླ་ན་མེད་པ་ཡང་དག་པར་རྫོགས་པའི་བྱང་ཆུབ་ལས་ཕྱིར་མི་ལྡོག་པར་ལུང་བསྟན་པར་རིག་པར་བྱའོ་༎	T08n0228_017:0651b24_10	若菩薩作是言已火不滅者，當知是菩薩未得授記，未能安住不退轉地。 又，須菩提！
T03D3790-3:33a-8	རབ་འབྱོར་གལ་ཏེ་ཡང་མེའི་ཕུང་པོ་དེ་བདེན་པའི་ཚིག་དེ་ལས་འདས་ཏེ་ཁྱིམ་ནས་ཁྱིམ་དུ་ཚིག་སྲང་ནས་སྲང་དུ་ཚིག་སྟེ་། ཁྱིམ་ལ་ལ་ནི་ཚིག་། ཁྱིམ་ལ་ལ་ནི་མ་ཚིག་། སྲང་ལ་ལ་ནི་ཚིག་། སྲང་ལ་ལ་ནི་མ་ཚིག་ན་། རབ་འབྱོར་བྱང་ཆུབ་སེམས་དཔའ་སེམས་དཔའ་ཆེན་པོས་སེམས་ཅན་འདི་དག་གི་ཁྱིམ་ལ་ལ་ནི་ཚིག་། ཁྱིམ་ལ་ལ་ནི་མ་ཚིག་པ་ལས་ན་། སེམས་ཅན་དེ་དག་གིས་ཆོས་སྤོང་བའི་ལས་བྱས་པས་། དེ་དག་གི་ལས་ཚེ་འདི་ལ་རྣམ་པར་སྨིན་ཏེ་། དེ་དག་ཆོས་ལ་སྐུར་པ་དེ་ཉིད་ཀྱི་ལས་ཀྱི་ལྷག་མ་ལ་ཡང་རྣམ་པར་སྨིན་པར་འགྱུར་རོ་ཞེས་བྱ་བར་རིག་པར་བྱ་སྟེ་།	T08n0228_017:0651b28_2	若或是火不能滅，已而復焚燒諸餘方處，從一舍至一舍，從一里至一里，如是展轉火不滅者，當知是處眾生先世有破法重罪，彼之餘殃今世現受。
T03D3790-3:32b-1	ཀྱེ་མ་ཁམས་གསུམ་པ་འདི་དག་ཀྱང་རྨི་ལམ་ལྟ་བུ་སྟེ་།	T08n0228_017:0651a28_4	『三界無實，皆悉如夢。
T03D3790-3:33a-14	རབ་འབྱོར་འདི་ནི་ཕྱིར་མི་ལྡོག་པའི་བྱང་ཆུབ་སེམས་དཔའ་སེམས་དཔའ་ཆེན་པོའི་རྒྱུ་དང་རྐྱེན་ཏེ་། རྒྱུ་དེ་དག་དང་རྐྱེན་དེ་དག་གིས་ཕྱིར་མི་ལྡོག་པའི་བྱང་ཆུབ་སེམས་དཔའ་སེམས་དཔའ་ཆེན་པོར་རིག་པར་བྱའོ་ཞེས་བྱ་བ་ནི་རྟགས་བདུན་པ་ཡིན་ནོ་།	T08n0228_017:0651b28_6	須菩提！ 以是因緣，若菩薩摩訶薩隨願能滿者，當知是為不退轉菩薩摩訶薩相。
T03D3790-3:33b-1	རབ་འབྱོར་གལ་ཏེ་བུད་མེད་དམ་སྐྱེས་པ་གང་ལ་ལ་ཞིག་མི་མ་ཡིན་པས་བྱིན་གྱིས་བརླབས་ན་དེ་ལ་བྱང་ཆུབ་སེམས་དཔའ་སེམས་དཔའ་ཆེན་པོས་འདི་སྙམ་དུ་། གལ་ཏེ་བདག་སྔོན་གྱི་དེ་བཞིན་གཤེགས་པ་དགྲ་བཅོམ་པ་ཡང་དག་པར་རྫོགས་པའི་སངས་རྒྱས་རྣམས་ཀྱིས་བླ་ན་མེད་པ་ཡང་དག་པར་རྫོགས་པའི་བྱང་ཆུབ་ཏུ་ལུང་བསྟན་ཏེ་། བདག་གི་བསམ་པ་ཡོངས་སུ་དག་ཅིང་། བདག་བླ་ན་མེད་པ་ཡང་དག་པར་རྫོགས་པའི་བྱང་ཆུབ་ཏུ་མངོན་པར་རྫོགས་པར་འཚང་རྒྱ་བར་འདོད་ལ་། བདག་བླ་ན་མེད་པ་ཡང་དག་པར་རྫོགས་པའི་བྱང་ཆུབ་ཏུ་མངོན་པར་རྫོགས་པར་འཚང་རྒྱ་བར་འགྱུར་ཞིང་། བདག་བླ་ན་མེད་པ་ཡང་དག་པར་རྫོགས་པའི་བྱང་ཆུབ་ཏུ་ཡིད་ལ་བྱེད་པ་ཡོངས་སུ་དག་པ་སྟེ་། བདག་ལ་ཉན་ཐོས་ཀྱི་སེམས་མེད་།	T08n0228_017:0651c02_16	若有男子、女人等，或為非人所執魅者，是時菩薩見是事已即作是言：
T03D3790-3:33b-8	བདག་ལ་རང་སངས་རྒྱས་ཀྱི་སེམས་མེད་། ཉན་ཐོས་དང་རང་སངས་རྒྱས་ཀྱི་སེམས་མེད་པས་བདག་བླ་ན་མེད་པ་ཡང་དག་པར་རྫོགས་པའི་བྱང་ཆུབ་ཏུ་མངོན་པར་རྫོགས་པར་འཚང་རྒྱ་བར་འགྱུར་ཞིང་། བདག་བླ་ན་མེད་པ་ཡང་དག་པར་རྫོགས་པའི་བྱང་ཆུབ་ཏུ་མངོན་པར་རྫོགས་པར་འཚང་རྒྱ་བར་མི་འགྱུར་བ་ཡིན་གྱིས་། བདག་གདོན་མི་ཟ་བར་བླ་ན་མེད་པ་ཡང་དག་པར་རྫོགས་པའི་བྱང་ཆུབ་ཏུ་མངོན་པར་རྫོགས་པར་འཚང་རྒྱ་བར་འགྱུར་ཏེ་།	T08n0228_017:0651c07_10	『若我已於先佛如來、應供、正等正覺所，得授阿耨多羅三藐三菩提記，深心清淨為欲成就阿耨多羅三藐三菩提故，遠離聲聞、緣覺之心，所行清淨，我當決定於阿耨多羅三藐三菩提是所應得、非不應得。
T03D3790-3:32b-2	བདག་གིས་ཀྱང་བླ་ན་མེད་པ་ཡང་དག་པར་རྫོགས་པའི་བྱང་ཆུབ་ཏུ་མངོན་པར་རྫོགས་པར་སངས་རྒྱས་ནས་ཁམས་གསུམ་པའི་སེམས་ཅན་ཐམས་ཅད་རྨི་ལམ་ལྟ་བུར་བསྟན་པར་བྱའོ་སྙམ་ན་།	T08n0228_017:0651a29_10	願我當得阿耨多羅三藐三菩提時，以如是法為眾生說。
T03D3790-3:32b-3	རབ་འབྱོར་འདི་ཡང་ཕྱིར་མི་ལྡོག་པའི་བྱང་ཆུབ་སེམས་དཔའ་སེམས་དཔའ་ཆེན་པོའི་ཕྱིར་མི་ལྡོག་པའི་མཚན་ཉིད་དུ་རིག་པར་བྱའོ་ཞེས་བྱ་བ་ནི་རྟགས་ལྔ་པ་ཡིན་ནོ་།	T08n0228_017:0651a29_15	』須菩提！ 若彼夢中見是相者，當知是為不退轉菩薩摩訶薩相。
T03D3790-3:32b-4	༎ ། རབ་འབྱོར་གཞན་ཡང་ཕྱིར་མི་ལྡོག་པའི་བྱང་ཆུབ་སེམས་དཔའ་སེམས་དཔའ་ཆེན་པོ་བླ་ན་མེད་པ་ཡང་དག་པར་རྫོགས་པའི་བྱང་ཆུབ་ཏུ་མངོན་པར་རྫོགས་པར་སངས་རྒྱས་ནས་། དེའི་ཚེ་སངས་རྒྱས་ཀྱི་ཞིང་ན་ངན་སོང་གསུམ་པོ་ཐམས་ཅད་དུ་ཐམས་ཅད་རྣམ་པ་ཐམས་ཅད་དུ་ཐམས་ཅད་མེད་པར་འགྱུར་བར་ཇི་ལྟར་རིག་པར་བྱ་ཞེ་ན་།	T08n0228_017:0651b02_7	「復次，須菩提！
T03D3790-3:32b-6	གལ་ཏེ་བྱང་ཆུབ་སེམས་དཔའ་སེམས་དཔའ་ཆེན་པོ་རྨི་ལམ་དུ་སེམས་ཅན་དམྱལ་བ་པའི་སེམས་ཅན་མཐོང་ངམ་། བྱོལ་སོང་གི་སྐྱེ་གནས་པའི་སེམས་ཅན་ནམ་།	T08n0228_017:0651b03_10	若菩薩摩訶薩於其夢中，見地獄中有諸眾生隨受眾苦。
T03D3790-3:33b-12	འཇིག་རྟེན་གྱི་ཁམས་གྲངས་མེད་ཚད་མེད་པ་དག་ན་སངས་རྒྱས་བཅོམ་ལྡན་འདས་ཇི་སྙེད་ཅིག་བཞུགས་ཤིང་། འཚོ་སྐྱོང་བ་དང་། ཆོས་སྟོན་པའི་དེ་བཞིན་གཤེགས་པ་དགྲ་བཅོམ་པ་ཡང་དག་པར་རྫོགས་པའི་སངས་རྒྱས་དེ་དག་གིས་ནི་གང་ཅི་ཡང་མ་མཁྱེན་པའམ་། མ་གཟིགས་པའམ་། ཐུགས་སུ་མ་ཆུད་པའམ་། མངོན་དུ་མ་མཛད་པའམ་། མངོན་པར་རྫོགས་པར་སངས་མ་རྒྱས་པ་གང་ཡང་མེད་དེ་།	T08n0228_017:0651c10_9	又今十方無量阿僧祇世界諸佛世尊現住說法者，彼諸如來、應供、正等正覺，無所不知、無所不見、無所不了、無所不證、無所不得。
T03D3790-3:33b-18	སངས་རྒྱས་བཅོམ་ལྡན་འདས་དེ་དག་གིས་བླ་ན་མེད་པ་ཡང་དག་པར་རྫོགས་པའི་བྱང་ཆུབ་ཏུ་མངོན་པར་རྫོགས་པར་འཚང་རྒྱ་བར་འགྱུར་ཞེས་བྱ་བར་བདག་གི་བསམ་པ་ཐུགས་སུ་ཆུད་ཅེ་ན་། བདེན་པ་དེ་དང་བདེན་པའི་ཚིག་དེས་སྐྱེས་པའམ་བུད་མེད་འདི་མི་མ་ཡིན་པ་གང་གིས་བཟུང་བའམ་གཙེས་པར་གྱུར་པའི་མི་མ་ཡིན་པ་དེ་གུད་དུ་འགྲོ་༄༣༤ཨ་༌་༎ བར་གྱུར་ཅིག་ཅེས་བསམས་ཏེ་སྨྲས་ན་།	T08n0228_017:0651c13_9	是諸佛世尊，若知我深心決定成就阿耨多羅三藐三菩提者，願我以是實語力故，令彼非人捨離遠去，其所執魅若男若女速得解脫。
T03D3790-3:34a-2	རབ་འབྱོར་གལ་ཏེ་བྱང་ཆུབ་སེམས་དཔའ་སེམས་དཔའ་ཆེན་པོས་དེ་སྐད་དུ་བརྗོད་པས་མི་མ་ཡིན་པ་དེ་གུད་དུ་མ་སོང་ན་། རབ་འབྱོར་བྱང་ཆུབ་སེམས་དཔའ་སེམས་དཔའ་ཆེན་པོ་དེ་ནི་སྔོན་གྱི་དེ་བཞིན་གཤེགས་པ་དགྲ་བཅོམ་པ་ཡང་དག་པར་རྫོགས་པའི་སངས་རྒྱས་རྣམས་ཀྱིས་བླ་ན་མེད་པ་ཡང་དག་པར་རྫོགས་པའི་བྱང་ཆུབ་ཏུ་ལུང་མ་བསྟན་པར་རིག་པར་བྱའོ་༎	T08n0228_017:0651c17_1	』若菩薩作是語時，而彼非人不即遠去，其所執魅未得解脫者，當知是菩薩未從先佛如來、應供、正等正覺所，得授阿耨多羅三藐三菩提記，未住不退轉地。
T03D3790-3:65a-16	རིགས་ཀྱི་བུའམ་རིགས་ཀྱི་བུ་མོ་གང་གིས་བླ་ན་མེད་པ་ཡང་དག་པར་རྫོགས་པའི་བྱང་ཆུབ་ཏུ་སེམས་བསྐྱེད་པ་དང་། གང་ཤེས་རབ་ཀྱི་ཕ་རོལ་ཏུ་ཕྱིན་པ་ཟབ་མོ་ཇི་སྐད་དུ་བསྟན་པ་འདི་ལ་སྤྱོད་པ་དང་། དོན་འདི་ལ་སྤྱོད་ཀྱང་ཡང་དག་པའི་མཐའ་གང་མངོན་དུ་བྱས་པས་ཉན་ཐོས་ཀྱི་སའམ་། རང་སངས་རྒྱས་ཀྱི་ས་ལ་གནས་པར་འགྱུར་བའི་ཡང་དག་པའི་མཐའ་མངོན་དུ་མི་བྱེད་པ་དེ་དག་ནི་ཕྱག་བགྱི་བའི་གནས་ཏེ་། རྣམ་གྲངས་དེས་ཀྱང་བྱང་ཆུབ་སེམས་དཔའ་སེམས་དཔའ་ཆེན་པོ་ཆོས་ཀྱི་མཉམ་པ་ཉིད་འདི་མངོན་དུ་མི་བྱེད་པ་དེ་དག་ནི་ཕྱག་བྱ་བར་འོས་པའོ་༎	T08n0228_021:0662a14_5	「菩薩摩訶薩為阿耨多羅三藐三菩提故，行此甚深般若波羅蜜多。 雖復了諸法相、入諸法性，而不安住聲聞、緣覺所證實際，以是緣故所應敬禮。
T03D3790-3:65b-0	དེ་ནས་ཚེ་དང་ལྡན་༄༦༥བ་པ་རབ་འབྱོར་གྱིས་ལྷའི་བུ་དེ་དག་ལ་འདི་སྐད་ཅེས་སྨྲས་སོ་༎	T08n0228_021:0662a16_18	」爾時，尊者須菩提知其念，即謂言： 「諸天子！
T03D3790-3:65b-1	ལྷའི་བུ་དག་བྱང་ཆུབ་སེམས་དཔའ་སེམས་དཔའ་ཆེན་པོ་དེ་དག་ལ་ནི་ཆོས་ཀྱི་མཉམ་པ་ཉིད་གང་མངོན་དུ་བྱས་པས་། ཉན་ཐོས་ཀྱི་སའམ་། རང་སངས་རྒྱས་ཀྱི་ས་ལ་གནས་པར་འགྱུར་བ་དེ་མངོན་དུ་མི་བྱེད་པ་དེ་ནི་མི་དཀའི་།	T08n0228_021:0662a18_17	菩薩摩訶薩行此甚深般若波羅蜜多，而不證彼聲聞、緣覺實際者，亦未足為難。 何以故？
T03D3790-3:65b-4	ལྷའི་བུ་དག་སེམས་ཅན་ཚད་མེད་གྲངས་མེད་དཔག་ཏུ་མེད་པ་ཐམས་ཅད་ཡོངས་སུ་མྱ་ངན་ལས་འདའོ་ཞེས་གོ་ཆ་བགོས་ལ་། གང་ཡོངས་སུ་མྱ་ངན་ལས་འདའ་བར་བྱ་བའི་སེམས་ཅན་དེ་དག་ཤིན་ཏུ་མི་དམིགས་པ་དེ་ནི་དེ་དག་ལ་དེ་བས་དཀའ་སྟེ་། དེ་ལྟར་སྤྱོད་པའི་བྱང་ཆུབ་སེམས་དཔའ་སེམས་དཔའ་ཆེན་པོ་ནི་སེམས་ཅན་ཐམས་ཅད་གདུལ་བར་བྱའོ་ཞེས་བླ་ན་མེད་པ་ཡང་དག་པར་རྫོགས་པའི་བྱང་ཆུབ་ཏུ་ཡང་དག་པར་ཞུགས་པ་ཡིན་ཏེ་།	T08n0228_021:0662a20_18	若菩薩摩訶薩被精進鎧，欲度無量無數無邊眾生，普令安住大般涅槃，斯為難事。 所以者何？ 眾生畢竟離故無所有，以無所有故不可得眾生相，是故眾生不可得度。
T03D3790-3:66a-17	གསོལ་པ་། བཅོམ་ལྡན་འདས་ཆོས་ཐམས་ཅད་མ་མཆིས་པའི་སླད་དུ་བྱང་ཆུབ་སེམས་དཔའ་སེམས་དཔའ་ཆེན་པོ་ཤེས་རབ་ཀྱི་ཕ་རོལ་ཏུ་ཕྱིན་པ་ལ་ཞུམ་པར་མི་འགྱུར་རོ་༎	T08n0228_021:0662b04_15	」須菩提言：
T03D3790-3:66b-0	བཅོམ་ལྡན་འདས་ཆོས་ཐམས་ཅད་༄༦༦བ་དབེན་པ་དང་། ཞི་བ་དང་། མ་སྐྱེས་པའི་སླད་དུ་བྱང་ཆུབ་སེམས་དཔའ་སེམས་དཔའ་ཆེན་པོ་ཤེས་རབ་ཀྱི་ཕ་རོལ་ཏུ་ཕྱིན་པ་ལ་ཞུམ་པར་མི་འགྱུར་རོ་༎ བཅོམ་ལྡན་འདས་དེའི་སླད་དུ་བྱང་ཆུབ་སེམས་དཔའ་སེམས་དཔའ་ཆེན་པོ་ཤེས་རབ་ཀྱི་ཕ་རོལ་ཏུ་ཕྱིན་པ་ལ་ཞུམ་པར་མི་འགྱུར་རོ་༎	T08n0228_021:0662b05_3	「一切法離故不沒。
T03D3790-3:66b-2	དེ་ཅིའི་སླད་དུ་ཞེ་ན་།	T08n0228_021:0662b05_7	何以故？
T03D3790-3:66b-3	བཅོམ་ལྡན་འདས་དེ་ནི་འདི་ལྟར་གང་ཞུམ་པར་འགྱུར་བ་དང་། གང་གིས་ཞུམ་པར་འགྱུར་བ་དང་། གང་ལ་ཞུམ་པར་འགྱུར་བའི་ཆོས་དེ་དག་ཐམས་ཅད་ནི་མ་མཆིས་པ་སྟེ་། དམིགས་སུ་མ་མཆིས་སོ་༎	T08n0228_021:0662b05_10	世尊！ 沒者不可得，沒法不可得，而所沒處亦不可得。
T03D3790-3:65b-7	གང་སེམས་ཅན་གདུལ་བར་སེམས་པ་དེ་ནི་ནམ་མཁའ་གདུལ་བར་སེམས་པ་དང་འདྲའོ་༎	T08n0228_021:0662a22_19	諸天子！ 若菩薩欲度眾生者為欲度虛空。
T03D3790-3:65b-8	དེ་ཅིའི་ཕྱིར་ཞེ་ན་།	T08n0228_021:0662a23_17	何以故？
T03D3790-3:65b-9	ནམ་མཁའ་དབེན་པའི་ཕྱིར་སེམས་ཅན་དབེན་པར་བལྟའོ་༎ ནམ་མཁའ་སྟོང་པ་ཉིད་ཀྱི་ཕྱིར་སེམས་ཅན་སྟོང་པ་ཉིད་དུ་བལྟའོ་༎ ནམ་མཁའ་སྙིང་པོ་མེད་པའི་ཕྱིར་སེམས་ཅན་སྙིང་པོ་མེད་པར་བལྟའོ་༎ ནམ་མཁའ་གསོག་གི་ཕྱིར་སེམས་ཅན་གསོག་ཏུ་བལྟའོ་༎	T08n0228_021:0662a25_11	虛空離故眾生亦離，虛空無所有故眾生亦無所有，畢竟無有眾生可得。
T03D3790-3:66a-15	དེ་ནས་བཅོམ་ལྡན་འདས་ཀྱིས་ཚེ་དང་ལྡན་པ་རབ་འབྱོར་ལ་འདི་སྐད་ཅེས་བཀའ་སྩལ་ཏོ་༎	T08n0228_021:0662b03_3	」爾時，世尊告尊者須菩提言：
T03D3790-3:66a-16	རབ་འབྱོར་ཅིའི་ཕྱིར་བྱང་ཆུབ་སེམས་དཔའ་སེམས་དཔའ་ཆེན་པོ་ཤེས་རབ་ཀྱི་ཕ་རོལ་ཏུ་ཕྱིན་པ་ལ་ཞུམ་པར་མི་འགྱུར་བ་ཡིན་།	T08n0228_021:0662b04_9	「何因緣故，菩薩摩訶薩聞作是說，不驚不怖不退不沒耶？
T03D3790-3:34a-4	རབ་འབྱོར་གལ་ཏེ་བྱང་ཆུབ་སེམས་དཔའ་སེམས་དཔའ་ཆེན་པོས་དེ་སྐད་ཅེས་བརྗོད་པས་།	T08n0228_017:0651c17_5	須菩提！
T03D3790-3:34a-5	མི་མ་ཡིན་པ་དེ་གུད་དུ་སོང་ན་། རབ་འབྱོར་བྱང་ཆུབ་སེམས་དཔའ་སེམས་དཔའ་ཆེན་པོ་དེ་ནི་སྔོན་གྱི་དེ་བཞིན་གཤེགས་པ་དགྲ་བཅོམ་པ་ཡང་དག་པར་རྫོགས་པའི་སངས་རྒྱས་རྣམས་ཀྱིས་བླ་ན་མེད་པ་ཡང་དག་པར་རྫོགས་པའི་བྱང་ཆུབ་ཏུ་ལུང་བསྟན་པར་རིག་པར་བྱ་སྟེ་། རབ་འབྱོར་རྣམ་པ་དེ་དག་དང་། རྟགས་དེ་དག་དང་། མཚན་མ་དེ་དག་དང་ལྡན་པའི་བྱང་ཆུབ་སེམས་དཔའ་སེམས་དཔའ་ཆེན་པོ་ནི་ཕྱིར་མི་ལྡོག་པར་རིག་པར་བྱའོ་༎	T08n0228_017:0651c20_16	若菩薩作是語時，而彼非人即速遠去，其所執魅即得解脫者，當知是菩薩已從先佛如來、應供、正等正覺所，得授阿耨多羅三藐三菩提記，已得安住不退轉地。
T03D3790-3:36b-7	སྡིག་པའི་གྲོགས་པོས་ཡོངས་སུ་བཟུང་བ་དེའི་ས་ནི་གཉིས་སུ་རིག་པར་བྱ་སྟེ་། འདི་ལྟར་ཉན་ཐོས་ཀྱི་ས་དང་། རང་སངས་རྒྱས་ཀྱི་སའོ་༎	T08n0228_017:0652c25_7	是菩薩於二地中隨墮一處，若聲聞地、若緣覺地。
T03D3790-3:34a-12	རབ་འབྱོར་གལ་ཏེ་བྱང་ཆུབ་སེམས་དཔའ་སེམས་དཔའ་ཆེན་པོ་བདེན་པའི་བྱིན་གྱི་རླབས་བྱེད་ཅིང་བདེན་པ་དང་བདེན་པའི་ཚིག་གང་གིས་བདག་སྔོན་གྱི་དེ་བཞིན་གཤེགས་པ་དགྲ་བཅོམ་པ་ཡང་དག་པར་རྫོགས་པའི་སངས་རྒྱས་ཀྱིས་བླ་ན་མེད་པ་ཡང་དག	T08n0228_017:0651c27_4	『若我已於先佛如來、應供、正等正覺所，得授阿耨多羅三藐三菩提記者，願我以是實語力故，令彼非人捨離遠去，其所執魅若男若女速得解脫。
T03D3790-3:34b-1	བདུད་སྡིག་ཅན་དེས་མི་མ་ཡིན་པར་གྱུར་པ་དེ་ཅི་ནས་ཀྱང་གུད་དུ་འགྲོ་བར་བྱ་བའི་ཕྱིར་ནན་ཏན་དུ་བྱེད་དེ་།	T08n0228_017:0651c28_17	』作是語已，時彼惡魔隱伏其形來菩薩所，潛以魔力，即令非人捨離而去。
T03D3790-3:34b-2	དེ་ཅིའི་ཕྱིར་ཞེ་ན་།	T08n0228_017:0651c29_1	何以故？
T03D3790-3:34b-3	དེ་ནི་འདི་ལྟར་བདུད་སྡིག་ཅན་ནི་མི་མ་ཡིན་པ་བདེ་བས་ཀྱང་ཆེས་མཐུ་དང་ལྡན་ཞིང་ཆེས་བཟི་བརྗིད་དང་ལྡན་པས་། དེའི་ཕྱིར་བདུད་སྡིག་ཅན་དེའི་བྱིན་གྱི་རླབས་ཀྱིས་མི་མ་ཡིན་པ་དེ་གུད་དུ་སོང་བར་གྱུར་པ་ལ་བྱང་ཆུབ་སེམས་དཔའ་སེམས་དཔའ་ཆེན་པོ་དེ་འདི་སྙམ་སྟེ་། འདི་ལྟར་བདག་གི་མཐུས་མི་མ་ཡིན་པ་དེ་གུད་དུ་སོང་ངོ་སྙམ་ནས་། བདུད་ཀྱི་མཐུས་མི་མ་ཡིན་པ་དེ་གུད་དུ་སོང་བར་ནི་མ་ཤེས་ཏེ་།	T08n0228_017:0652a01_4	諸惡魔力勝非人故，由是非人力不能為，捨離而去。
T03D3790-3:36b-11	རབ་འབྱོར་གལ་ཏེ་བྱང་ཆུབ་སེམས་དཔའ་ཡང་དང་ཡང་དགེ་བའི་བཤེས་གཉེན་བལྟ་བ་དང་བསྙེན་བཀུར་བར་མ་གྱུར་ལ་། ལུས་ཐོབ་པ་དེས་སེམས་བསྐྱེད་པ་སྔ་མ་དག་མི་སྨོད་མི་ཆགས་ན་དེ་ནི་ས་གཉིས་སུ་འགྲོ་བར་རིག་པར་བྱ་སྟེ་། འདི་ལྟར་ཉན་ཐོས་ཀྱི་སའམ་། རང་སངས་རྒྱས་ཀྱི་སའོ་༎	T08n0228_017:0652c28_10	須菩提！ 是菩薩應當悔捨如先所起種種慢心，菩薩設能悔是心已，亦復久久墮生死中，若復後時得善知識而為開導，還因般若波羅蜜多故，漸能趣向阿耨多羅三藐三菩提。
T03D3790-3:36b-19	དེ་ནི་ལུས་དེ་ཉིད་ཀྱིས་དགེ་སྦྱོང་གི་འབྲས་བུ་བཞི་ལས་དགེ་སྦྱོང་གི་འབྲས་བུ་གང་ཡང་རུང་བ་ལ་ལ་ཐོབ་པར་འགྱུར་བའི་སྐལ་བ་མེད་དོ་༎ རབ་འབྱོར་དེ་བཞིན་དུ་བྱང་ཆུབ་སེམས་དཔའ་སེམས་དཔའ་ཆེན་པོ་གང་མིང་བསྟན་པ་ཙམ་གྱིས་རློམ་སེམས་དང་ལྡན་པའི་སེམས་བསྐྱེད་ཅིང་མིང་ཙམ་བརྗོད་པ་དེས་བྱང་ཆུབ་སེམས་དཔའ་གཞན་དག་ལ་བརྙས་པ་དང་། འཕྱ་བ་དང་། ཁྱད་དུ་གསོད་པའི་སེམས་བསྐྱེད་པ་དེ་ནི་དེ་བས་ཀྱང་ཤིན་ཏུ་ལྕི་སྟེ་།	T08n0228_017:0653a06_12	菩薩以名字因緣起諸慢心，其所獲罪亦復如是。 須菩提！
T03D3790-3:37a-0	སེམས་བསྐྱེད་པ་༄༣༧ཨ་༌་༎ དེ་ནི་དེ་བས་ཀྱང་ཤིན་ཏུ་ལྕི་བར་རིག་པར་བྱའོ་༎ རབ་འབྱོར་དེ་ལྟར་མིང་བསྟན་པས་བདུད་ཀྱི་ལས་ཤིན་ཏུ་ཕྲ་བ་དེ་དག་སྐྱ་བར་འགྱུར་རོ་༎ རབ་འབྱོར་ལྟུང་བའི་རྩ་བ་བཞི་པོ་ལྟ་ཞོག་གི་བྱང་ཆུབ་སེམས་དཔའི་མིང་བསྟན་པ་ཙམ་གྱིས་རློམ་སེམས་དང་ལྡན་པའི་སེམས་བསྐྱེད་པ་སྐྱེས་པ་དེ་ནི་མཚམས་མེད་པ་ལྔ་བས་ཀྱང་ཤིན་ཏུ་ལྕི་བ་སྟེ་།	T08n0228_017:0653a10_6	且置是四根本罪，當知所有五無間罪最極深重，若菩薩以名字因緣起諸慢心者，其所獲罪過復深重，而此菩薩是即名為大無方便，不能如應覺了魔事。
T03D3790-3:37a-5	རབ་འབྱོར་གཞན་ཡང་བདུད་སྡིག་ཅན་དབེན་པའི་ཡོན་ཏན་སྟོན་ཅིང་བྱང་ཆུབ་སེམས་དཔའ་སེམས་དཔའ་ཆེན་པོའི་དྲུང་དུ་ཉེ་བར་འོངས་ཏེ་། འདི་སྐད་དུ་དེ་བཞིན་གཤེགས་པ་དགྲ་བཅོམ་པ་ཡང་དག་པར་རྫོགས་པའི་སངས་རྒྱས་ནི་དབེན་པའི་ཡོན་ཏན་གསུངས་པའོ་ཞེས་ཟེར་ཏེ་།	T08n0228_017:0653a13_7	「復次，須菩提！ 若菩薩摩訶薩厭彼憒閙樂欲遠離時，諸惡魔即化異相，來菩薩所作如是言：
T03D3790-3:37a-7	རབ་འབྱོར་ངས་ནི་འདི་ལྟ་སྟེ་། ནགས་འདབ་བམ་།	T08n0228_017:0653a16_17	『若遠離者，應當往彼山巖樹下空寂曠野，如是修習是真遠離，此遠離行佛所稱讚。 』須菩提！
T03D3790-3:37a-10	བས་མཐའི་གནས་དབེན་པར་མ་བཤད་དོ༎ གསོལ་པ་། བཅོམ་ལྡན་འདས་གལ་ཏེ་དགོན་པ་དང་། ནགས་འདབ་དང་། བས་མཐའི་གནས་དབེན་པ་མ་ལགས་ན་།	T08n0228_017:0653a18_8	我不說諸菩薩摩訶薩住山巖樹下空寂曠野，是真遠離。 」須菩提白佛言：
T03D3790-3:36b-16	དགེ་སློང་ཉན་ཐོས་ཀྱི་ཐེག་པ་པས་ལྟུང་བའི་རྩ་བ་བཞི་ལས་ལྟུང་བ་གང་ཡང་རུང་བ་ཞིག་བྱས་ན་། དགེ་སློང་མ་ཡིན་། ཤའཀྱའི་བུ་མ་ཡིན་པར་འགྱུར་ཏེ་།	T08n0228_017:0653a04_2	菩薩起諸慢心罪極重故。 譬如苾芻犯四根本最極重罪，若一若二，即非沙門、非釋種子。
T03D3790-3:37a-18	བྱང་ཆུབ་སེམས་དཔའ་སེམས་དཔའ་ཆེན་པོ་རྣམས་ལ་ངས་གནང་བའོ་༎ གལ་ཏེ་དབེན་པ་འདིས་ཉིན་མཚན་དུ་རྣམ་པར་སྤྱོད་ན་བྱང་ཆུབ་སེམས་དཔའ་སེམས་དཔའ་ཆེན་པོ་དེ་ནི་འདི་ལྟ་སྟེ་བྱང་ཆུབ་སེམས་དཔའི་དབེན་པས་དབེན་པ་རྣམ་པར་སྤྱོད་པ་ཡིན་ནོ་༎	T08n0228_017:0653a26_10	諸菩薩摩訶薩若能遠離聲聞、緣覺心者是真遠離，如是遠離我所聽許。 菩薩應當於晝夜中常修如是真遠離行。
T03D3790-3:37b-1	བྱང་ཆུབ་སེམས་དཔའ་སེམས་དཔའ་ཆེན་པོ་དེ་ནི་དབེན་པ་རྣམ་པར་སྤྱོད་པ་ཡིན་ནོ་༎ རབ་འབྱོར་བྱང་ཆུབ་སེམས་དཔའ་སེམས་དཔའ་ཆེན་པོ་རྣམས་ལ་དབེན་པའི་རྣམ་པ་དེ་ལྟ་བུ་ངས་གནང་བ་ལས་དྲངས་ཤིང་། བདུད་སྡིག་ཅན་དེ་ལ་དགོན་པ་དང་། ནགས་འདབ་དང་། བས་མཐའི་གནས་སུ་རྣམ་པར་སྤྱོད་ཅིག་ཅེས་དབེན་པ་སྟོན་ཏེ་། དེ་དབེན་པ་དེས་འདུ་འཛིར་གྱུར་ཅིང་། ཉན་ཐོས་དང་། རང་སངས་རྒྱས་ཀྱི་ས་དང་ལྡན་པའི་ཡིད་ལ་བྱ་བ་དང་འདྲེས་པར་གནས་པ་ཡིན་ཏེ་།	T08n0228_017:0653b01_6	若如惡魔所讚，菩薩但住山巖樹下空寂曠野為遠離者，而彼菩薩雖如是遠離，不能遠離聲聞、緣覺之心，非真遠離。
T03D3790-3:37a-12	བྱང་ཆུབ་སེམས་དཔའ་སེམས་དཔའ་ཆེན་པོའི་དབེན་པ་གཞན་ནི་གང་ཞིག་མཆིས་། བཅོམ་ལྡན་འདས་བྱང་ཆུབ་སེམས་དཔའ་སེམས་དཔའ་ཆེན་པོའི་དབེན་པ་གཞན་ནི་ཅི་ལྟ་བུ་ཞིག་མཆིས་།	T08n0228_017:0653a18_20	「世尊！ 若菩薩摩訶薩住山巖樹下空寂曠野不名遠離者，復有何相說名菩薩摩訶薩是真遠離？
T03D3790-3:37a-14	བཅོམ་ལྡན་འདས་ཀྱིས་བཀའ་སྩལ་པ་།	T08n0228_017:0653a21_5	」佛告須菩提言：
T03D3790-3:37a-15	རབ་འབྱོར་གལ་ཏེ་བྱང་ཆུབ་སེམས་དཔའ་སེམས་དཔའ་ཆེན་པོ་ཉན་ཐོས་དང་རང་སངས་རྒྱས་དང་ལྡན་པའི་ཡིད་ལ་བྱེད་པས་དབེན་ན་། དགོན་པ་དང་། ནགས་འདབ་དང་། བས་མཐའི་གནས་ན་རྣམ་པར་སྤྱོད་པ་ནི་ཡིན་ཏེ་།	T08n0228_017:0653a24_13	「若菩薩摩訶薩行般若波羅蜜多有善巧方便，為一切眾生行大慈大悲行，遠離聲聞、緣覺之心，雖近聚落亦名遠離，或在山巖樹下空寂曠野亦名遠離。
T03D3790-3:37a-17	རབ་འབྱོར་དེ་ནི་དབེན་པ་སྟེ་།	T08n0228_017:0653a24_17	須菩提！
T03D3790-3:37b-6	ཤེས་རབ་ཀྱི་ཕ་རོལ་ཏུ་ཕྱིན་པ་ལ་བརྩོན་པ་མ་ཡིན་ཞིང་རྣམ་པ་ཐམས་ཅད་མཁྱེན་པ་ཉིད་ཡོངས་སུ་རྫོགས་པར་མི་འགྱུར་རོ་༎	T08n0228_017:0653b02_4	雖修般若波羅蜜多，不能圓滿一切智智。
T03D3790-3:37b-8	ཡིད་ལ་བྱ་བ་ཡོངས་སུ་མ་དག་པ་བྱང་ཆུབ་སེམས་དཔའ་སེམས་དཔའ་ཆེན་པོ་གཞན་གྲོང་འདབ་ན་གནས་པར་སྤྱོད་ཅིང་། ཡིད་ལ་བྱ་བ་ཡོངས་སུ་དག་པ་དང་ལྡན་པ་།	T08n0228_017:0653b05_14	彼菩薩雖近聚落，非雜亂行。 何以故？
T03D3790-3:37b-10	ཉན་ཐོས་ཀྱི་སེམས་དང་མ་འདྲེས་པ་། རང་སངས་རྒྱས་ཀྱི་སེམས་དང་མ་འདྲེས་པ་།	T08n0228_017:0653b06_9	以能遠離聲聞、緣覺心故。
T03D3790-3:37b-13	བསམ་གཏན་དང་། རྣམ་པར་ཐར་པ་དང་། ཏིང་ངེ་འཛིན་དང་། སྙོམས་པར་འཇུག་པ་དང་། མངོན་པར་ཤེས་པ་ཡོངས་སུ་རྫོགས་པར་གྱུར་པ་དག་ལ་བརྙས་པའི་སེམས་བསྐྱེད་དེ་། ཐབས་མི་མཁས་པའི་བྱང་ཆུབ་སེམས་དཔའ་དེས་དགོན་པ་དང་། སྦྲུལ་དང་། རི་དབ༹གས་དང་། བྱ་ཡོད་པ་དང་། རྐུན་པོ་དང་། སྨེ་ཤ་ཅན་དང་། གཅན་གཟན་མཆེ་བ་ཅན་དང་། སྲིན་པོ་རྒྱུ་བ་།	T08n0228_017:0653b10_5	若於如是修真遠離行者返生輕慢，當知是菩薩雖得禪定、解脫、神通、智慧、三昧等法，而亦不具善巧方便。 須菩提！
T03D3790-3:37b-15	དཔག་ཚད་བརྒྱ་ཙམ་དུ་འཕགས་པ་དེའི་ནང་ན་འདུག་ཅིང་། ལོ་གཅིག་གམ་། ལོ་བརྒྱའམ་། ལོ་སྟོང་ངམ་། ལོ་བརྒྱ་ཕྲག་སྟོང་ངམ་། ལོ་བྱེ་བ་ཕྲག་བརྒྱའམ་། ལོ་བྱེ་བ་ཕྲག་སྟོང་ངམ་། ལོ་བྱེ་བ་བརྒྱ་ཕྲག་སྟོང་ངམ་། ལོ་བྱེ་བ་ཁྲག་ཁྲིག་བརྒྱ་ཕྲག་སྟོང་ངམ་།	T08n0228_017:0653b12_17	菩薩雖在百由旬外曠野空寂等處，縱經一歲百歲乃至百千俱胝那庾多歲，設過是歲修遠離行終無利益。
T03D3790-3:37b-24	དེ་བས་ཀྱང་ལྷག་པར་གནས་སུ་ཟིན་ཀྱང་། དབེན་པ་གང་གིས་བྱང་ཆུབ་སེམས་དཔའ་སེམས་དཔའ་ཆེན་པོ་ལྷག་པའི་བསམ་པ་ལ་ཡང་དག་པར་གནས་ཤིང་རྣམ་པར་སྤྱོད་པ་དེ་ལྟ་བུའི་དབེན་པ་ཤེས་པར་མི་འགྱུར་ཏེ་། བྱང་ཆུབ་སེམས་དཔའ་སེམས་དཔའ་ཆེན་པོ་དེ་ནི་ཉན་ཐོས་དང་། རང་སངས་རྒྱས་དང་ལྡན་པའི་༄༣༨ཨ་༌་༎	T08n0228_017:0653b15_6	如我所說真遠離行彼不能知，不能深固安住阿耨多羅三藐三菩提心，無善巧方便，但以寂靜為真遠離。
T03D3790-3:38a-8	འདི་སྐད་དུ་རིགས་ཀྱི་བུ་ལེགས་སོ་༎	T08n0228_017:0653b20_8	『善哉，善哉！ 善男子！
T03D3790-3:38a-9	ལེགས་སོ་༎ འདི་ནི་དེ་བཞིན་གཤེགས་པས་བསྟན་པའི་དབེན་པ་མ་ནོར་བ་ཡིན་གྱིས་། ཁྱོད་དབེན་པ་འདི་ཉིད་ཀྱིས་རྣམ་པར་སྤྱོད་ཅིང་། དེས་ཁྱོད་མྱུར་དུ་བླ་ན་མེད་པ་ཡང་དག་པར་རྫོགས་པའི་བྱང་ཆུབ་ཏུ་མངོན་པར་རྫོགས་པར་འཚང་རྒྱ་བར་འགྱུར་རོ་ཞེས་ཟེར་།	T08n0228_017:0653b22_3	汝所修者真遠離行，如來稱讚汝修是行故，令汝速得阿耨多羅三藐三菩提。
T03D3790-3:38a-1	ཡིད་ལ་བྱ་བས་མང་པོ་དང་འདྲེས་པ་ཉིད་དུ་རྣམ་པར་སྤྱོད་པར་འགྱུར་ཏེ་། དབེན་པ་དེ་གནས་ཤིང་ཆགས་པ་དང་། མངོན་པར་ཞེན་པ་དང་། ཀུན་ནས་ཉོན་མོངས་པར་འགྱུར་ཞིང་དེ་ཙམ་གྱིས་ནི་ངའི་སེམས་རངས་པར་མི་འགྱུར་ཏེ་། ངས་བྱང་ཆུབ་སེམས་དཔའ་སེམས་དཔའ་ཆེན་པོ་རྣམས་ལ་དབེན་པ་གང་བཤད་པའི་དབེན་པ་དེ་དང་མི་ལྡན་པས་དབེན་པ་དེ་ལ་མི་གནས་སོ་༎	T08n0228_017:0653b16_15	若求佛道者貪著依止，如是遠離我不聽許，亦不能令我心生喜。
T03D3790-3:38a-4	དེ་ཅིའི་ཕྱིར་ཞེ་ན་།	T08n0228_017:0653b16_19	何以故？
T03D3790-3:38a-6	དེ་ལྟར་དེའི་དྲུང་དུ་བདུད་སྡིག་ཅན་ཉེ་བར་འོངས་ཤིང་། སྟེང་གི་བར་སྣང་ལ་གནས་ཏེ་།	T08n0228_017:0653b20_1	有諸惡魔見彼住空寂處修遠離行者，即到其所於虛空中作如是言：
T03D3790-3:38a-20	དེ་ནི་འདི་ལྟར་བདག་ནི་མི་མ་ཡིན་པས་བསྐུལ་བའོ་༎ མི་མ་ཡིན་པས་དྲན་པར་བྱས་པའོ་༎ རྣམ་པར་སྤྱོད་པ་གང་གིས་བདག་སྤྱོད་པ་དེ་ནི་རྣམ་པར་སྤྱོད་པ་མ་ནོར་བ་སྟེ་།	T08n0228_017:0653b29_15	彼作是念： 『我住空寂曠野等處，有諸非人念我故來、助我故來。
T03D3790-3:38a-12	དེའི་རྒྱུས་དབེན་པ་དེ་བས་དབེན་པ་ད་གཅེས་པར་འཛིན་ཞིང་ཕྱིར་གྲོང་འདབ་ཏུ་འོངས་ནས་། དགེ་སློང་བྱང་ཆུབ་སེམས་དཔའི་ཐེག་པ་བ་སེམས་དང་ཡིད་ལ་བྱ་བ་ཡོངས་སུ་དག་པ་དེས་དགེ་བའི་ཆོས་དང་ལྡན་པ་གཞན་དག་ལ་།	T08n0228_017:0653b25_8	』是菩薩聞空中聲所稱讚已，從彼空寂曠野等處來至聚落，見餘菩薩柔和善順修持梵行，遠離聲聞緣覺之心三業清淨者，即起輕慢作如是言：
T03D3790-3:38a-14	ཚེ་དང་ལྡན་པ་འདི་དག་ནི་འདུ་འཛིའི་རྣམ་པར་སྤྱོད་པས་རྣམ་པར་སྤྱོད་དོ་ཞེས་ཁྱད་དུ་གསོད་ཅིང་བྱང་ཆུབ་སེམས་དཔའ་སེམས་དཔའ་ཆེན་པོ་དབེན་པར་སྤྱོད་པ་དེ་དག་ལ་འདུ་འཛིས་རྣམ་པར་སྤྱོད་པ་སྐྱོན་དུ་གདགས་པ་དང་། འདྲེས་པར་རྣམ་པར་སྤྱོད་པ་སྐྱོན་དུ་གདགས་པས་བརྙས་པའི་སེམས་བསྐྱེད་དོ་༎ གང་འདུ་འཛིའི་རྣམ་པར་སྤྱོད་པས་རྣམ་པར་སྤྱོད་པ་དེ་དག་ལ་ནི་༏་དབེན་པས་རྣམ་པར་སྤྱོད་པར་འཛིན་ཞིང་དེ་དག་ལ་རིམ་གྲོ་བསྐྱེད་དོ་༎ གང་ལ་རིམ་གྲོ་བསྐྱེད་པར་བྱ་བ་དེ་དག་ལ་ནི་ང་རྒྱལ་བསྐྱེད་དོ་༎	T08n0228_017:0653b26_7	『汝等是為憒閙行者，汝所修行非遠離行。 』須菩提！ 彼住空寂菩薩以真遠離行為憒閙行，以憒閙行為真遠離行，以其過惡故，所應恭敬者而返輕慢，不應恭敬者而返恭敬。
T03D3790-3:38a-19	དེ་ཅིའི་ཕྱིར་ཞེ་ན་།	T08n0228_017:0653b29_10	何以故？
T03D3790-3:38b-8	དེ་ཅིའི་ཕྱིར་ཞེ་ན་།	T08n0228_017:0653c08_10	何以故？
T03D3790-3:38a-23	གྲོང་འདབ་ན་སྤྱོད་པ་ལྟ་ལ་སུ་ཞིག་བསྐུལ་བར་འགྱུར་། གྲོང་འདབ་ན་སྤྱོད་པ་ལྟ་ལ་སུ་ཞིག་དྲན་པར་བྱེད་པར་འགྱུར་ཞེས་ང་རྒྱལ་བསྐྱེད་དེ་།	T08n0228_017:0653c02_14	汝近聚落住者，何有非人來助念汝？
T03D3790-3:38b-0	དེ་ལྟར་བྱང་ཆུབ་སེམས་དཔའ་དེ་བྱང་ཆུབ་སེམས་དཔའི་ཐེག་པ་པའི་༄༣༨བ་རིགས་ཀྱི་བུ་གཞན་དག་ལ་སྨོད་པར་བྱེད་དེ་རབ་འབྱོར་གང་ཟག་དེ་ནི་བྱང་ཆུབ་སེམས་དཔའ་གདོལ་པར་རིག་པར་བྱའོ་༎	T08n0228_017:0653c03_8	』作是念已，於餘菩薩起輕慢心。 須菩提！
T03D3790-3:38b-1	བྱང་ཆུབ་སེམས་དཔའ་སུན་འབྱིན་པར་རིག་པར་བྱའོ་༎ བྱང་ཆུབ་སེམས་དཔའི་གཟུགས་བརྙན་དུ་རིག་པར་བྱའོ་༎ དེ་ནི་ལྷ་དང་མི་དང་ལྷ་མ་ཡིན་དུ་བཅས་པའི་འཇིག་རྟེན་གྱི་རྐུན་པོ་སྟེ་། དེ་ནི་ལྷ་དང་མི་དང་ལྷ་མ་ཡིན་དུ་བཅས་པའི་འཇིག་རྟེན་གྱིས་དགེ་སྦྱོང་གི་ཆ་བྱད་ཅན་གྱི་རྐུན་པོར་རིག་པར་བྱ་སྟེ་། ངང་ཚུལ་དེ་ལྟ་བུ་དང་ལྡན་པའི་གང་ཟག་ནི་བྱང་ཆུབ་སེམས་དཔའི་ཐེག་པ་པའི་རིགས་ཀྱི་བུའམ་རིགས་ཀྱི་བུ་མོ་དེ་དག་གིས་བསྙེན་པར་མི་བྱ་།	T08n0228_017:0653c06_16	當知此人是為菩薩中旃陀羅、菩薩中過惡者、菩薩中污行者，是為形像菩薩，亦名賊住沙門，亦名沙門形賊，亦名不淨法者，亦名非禮法者。
T03D3790-3:38b-6	བསྟེན་པར་མི་བྱ་། རིམ་གྲོར་མི་བྱའོ་༎	T08n0228_017:0653c08_6	以是相故，當知是為初發心者，是故一切世間諸天、人等所不恭敬。
T03D3790-3:38b-9	རབ་འབྱོར་གང་ཟག་དེ་ལྟ་བུ་དག་ནི་ལྷག་པའི་ང་རྒྱལ་ཅན་དུ་རིག་པར་བྱ་སྟེ་ཞེས་བྱ་བ་ནི་རྟགས་བརྒྱད་པ་ཡིན་ནོ་།	T08n0228_017:0653c09_1	我說彼人是增上慢者。 須菩提！ 菩薩摩訶薩於如是人不應親近。 「又，須菩提！
T03D3790-3:38b-19	དེ་ཉིད་ལ་སྙིང་བརྩེ་བའི་ཕྱིར་སྙིང་རྗེ་བསྐྱེད་པར་བྱའོ་༎ དགའ་བ་དང་བཏང་སྙོམས་བསྐྱེད་པར་བྱའོ་༎ དེས་སེམས་འདི་ལྟར་བསྐྱེད་པར་བྱ་སྟེ་།	T08n0228_017:0653c18_14	又復於諸眾生起大慈心、大悲心、大喜心、大捨心，菩薩常作是願：
T03D3790-3:38b-22	ཅི་ནས་ཀྱང་བདག་གིས་ཉེས་པ་འདི་དག་ཐམས་ཅད་དུ་ཐམས་ཅད་མེད་ཅིང་མི་སྐྱེ་བར་འགྱུར་བ་དེ་ལྟར་བྱའོ་༎ གལ་ཏེ་སྐྱེས་ནས་ད་མྱུར་དུ་སྤང་བར་བྱའོ་ཞེས་བསླབ་པར་བྱ་སྟེ་།	T08n0228_017:0653c20_4	『願我當於一切時一切處遠離如是一切魔事，設或暫起速令除滅。 』須菩提！
T03D3790-3:38b-24	རབ་འབྱོར་འདི་ནི་བྱང་ཆུབ་སེམས་དཔའ་སེམས་དཔའ་ཆེན་པོ་རྣམས་ཀྱི་རང་གི་མངོན་པར་ཤེས་པས་ཕ་རོལ་གནོན་པ་ཡིན་པར་རིག་པར་བྱའོ་༎	T08n0228_017:0653c21_12	若菩薩摩訶薩能如是學者，是菩薩摩訶薩神通智力。 須菩提！ 當知如是等皆說菩薩摩訶薩覺知魔事真遠離相。 」22 善知識品善知識品第二十二之一爾時，世尊告尊者須菩提言：
T03D3790-3:38b-10	༎ ། བྱང་ཆུབ་སེམས་དཔའ་སེམས་དཔའ་ཆེན་པོས་རྣམ་པ་ཐམས་ཅད་མཁྱེན་པ་ཉིད་ཀྱང་ཡོངས་སུ་མ་བཏང་ལ་། བླ་ན་མེད་པ་ཡང་དག་པར་རྫོགས་པའི་བྱང་ཆུབ་ཀྱང་ཡོངས་སུ་མ་བཏང་ན་། བྱང་ཆུབ་སེམས་དཔའ་སེམས་དཔའ་ཆེན་པོ་བསམ་པ་ཐག་པས་བླ་ན་མེད་པ་ཡང་དག་པར་རྫོགས་པའི་བྱང་ཆུབ་ཏུ་མངོན་པར་རྫོགས་པར་འཚང་རྒྱ་བར་འདོད་ཅིང་སེམས་ཅན་ཐམས་ཅད་ཀྱི་དོན་བྱ་བར་འདོད་པས་དེས་གང་ཟག་དེ་ལྟ་བུའི་ངང་ཚུལ	T08n0228_017:0653c13_14	若諸菩薩摩訶薩不捨一切眾生、愛樂一切智、深發阿耨多羅三藐三菩提心，為欲成就阿耨多羅三藐三菩提利益安樂一切眾生者，不應親近如是等人。 須菩提！
T03D3790-3:38b-16	རང་གི་དོན་དང་ལྡན་པར་འགྱུར་བ་ལ་བརྩོན་པར་བྱ་སྟེ་། འཁོར་བ་ལ་རྟག་ཏུ་སྐྱོ་ཞིང་འཇིགས་པའི་ཡིད་ཀྱིས་ཁམས་གསུམ་དང་མ་འདྲེས་པར་སྤྱད་པར་བྱའོ་༎ བྱང་ཆུབ་སེམས་དཔའ་གདོལ་པ་དེ་ལ་ཡང་བྱམས་པ་བསྐྱེད་པར་བྱ་སྟེ་།	T08n0228_017:0653c17_4	於一切時常生厭離怖三界心，但為利樂一切眾生，引示眾生所有正道，令諸眾生圓滿正果住法實性。
T03D3790-3:39a-0	རབ་འབྱོར་གཞན་ཡང་བྱང་ཆུབ་སེམས་དཔའ་༄༣༩ཨ་༌་༎ སེམས་དཔའ་ཆེན་པོས་ལྷག་པའི་བསམ་པས་བླ་ན་མེད་པ་ཡང་དག་པར་རྫོགས་པའི་བྱང་ཆུབ་ཏུ་མངོན་པར་རྫོགས་པར་འཚང་རྒྱ་བར་འདོད་པས་དགེ་བའི་བཤེས་གཉེན་དག་ལ་བསྙེན་པར་བྱའོ་༎	T08n0228_017:0653c26_6	「若菩薩摩訶薩深心欲得阿耨多羅三藐三菩提者，應當親近恭敬諸善知識。 」須菩提白佛言：
T03D3790-3:39a-8	རབ་འབྱོར་ཉན་ཐོས་གང་ཕ་རོལ་ཏུ་ཕྱིན་པ་དྲུག་བརྗོད་ཅིང་སྟོན་པ་དང་། འཆད་ཅིང་འགྲེལ་པ་དང་༏་རྣམ་པར་འབྱེད་ཅིང་གསལ་བར་བྱེད་པ་དང་། ཡང་དག་པར་སྟོན་པ་དེ་དག་ཀྱང་བྱང་ཆུབ་སེམས་དཔའ་སེམས་དཔའ་ཆེན་པོ་རྣམས་དགེ་བའི་བཤེས་གཉེན་དུ་རིག་པར་བྱའོ་༎	T08n0228_017:0654a03_9	諸佛能說菩薩行法及諸波羅蜜多，教示菩薩入般若波羅蜜多，是故諸佛如來為菩薩善知識。
T03D3790-3:39a-9	རབ་འབྱོར་གཞན་ཡང་ཕ་རོལ་ཏུ་ཕྱིན་པ་དྲུག་ནི་བྱང་ཆུབ་སེམས་དཔའ་སེམས་དཔའ་ཆེན་པོ་རྣམས་ཀྱི་དགེ་བའི་བཤེས་གཉེན་དུ་རིག་པར་བྱའོ་༎	T08n0228_017:0654a03_16	「又，須菩提！ 般若波羅蜜多是菩薩善知識。
T03D3790-3:39b-2	རབ་འབྱོར་གཞན་ཡང་ཕ་རོལ་ཏུ་ཕྱིན་པ་དྲུག་ནི་བྱང་ཆུབ་སེམས་དཔའ་སེམས་དཔའ་ཆེན་པོ་རྣམས་ཀྱི་སྟོན་པར་རིག་པར་བྱ་སྟེ་།	T08n0228_017:0654a29_4	又，佛智自然智、不可思議智、不可稱量智、無等智、無等等智，亦復從是六波羅蜜多生。 須菩提！
T03D3790-3:39a-2	བསྟེན་པར་བྱའོ་༎ རིམ་གྲོ་བྱའོ་༎ གསོལ་པ་། བཅོམ་ལྡན་འདས་བྱང་ཆུབ་སེམས་དཔའ་སེམས་དཔའ་ཆེན་པོ་དགེ་བའི་བཤེས་གཉེན་དུ་རིག་པར་བགྱི་བ་དེ་དག་གང་ལགས་།	T08n0228_017:0653c26_18	「世尊！ 有諸菩薩摩訶薩，深心欲得阿耨多羅三藐三菩提，若能愛樂善知識者，云何是菩薩摩訶薩善知識耶？
T03D3790-3:39a-5	བཅོམ་ལྡན་འདས་ཀྱིས་བཀའ་སྩལ་པ་།	T08n0228_017:0653c29_7	」佛言：
T03D3790-3:39a-6	རབ་འབྱོར་སངས་རྒྱས་བཅོམ་ལྡན་འདས་རྣམས་ནི་བྱང་ཆུབ་སེམས་དཔའ་སེམས་དཔའ་ཆེན་པོ་རྣམས་ཀྱི་དགེ་བའི་བཤེས་གཉེན་དུ་རིག་པར་བྱའོ་༎	T08n0228_017:0653c29_12	「須菩提！ 當知諸佛如來是菩薩善知識。
T03D3790-3:41a-16	བཅོམ་ལྡན་འདས་ཀྱིས་བཀའ་སྩལ་པ་།	T08n0228_017:0654c01_9	」佛言：
T03D3790-3:41a-21	བཅོམ་ལྡན་འདས་ཀྱིས་བཀའ་སྩལ་པ་།	T08n0228_017:0654c03_1	」佛言：
T03D3790-3:41a-22	རབ་འབྱོར་དེ་ཇི་སྙམ་དུ་སེམས་།	T08n0228_017:0654c03_6	「須菩提！
T03D3790-3:41a-17	རབ་འབྱོར་དེ་ཇི་སྙམ་དུ་སེམས་། ཅི་འོན་ཀྱང་བདག་དང་བདག་གིར་བྱ་བ་དབེན་ཞིང་སྟོང་ངམ་།	T08n0228_017:0654c01_14	「須菩提！ 於汝意云何，我我所空不？
T03D3790-3:41a-19	གསོལ་པ་། བཅོམ་ལྡན་འདས་དབེན་ནོ་༎	T08n0228_017:0654c02_9	」須菩提言： 「如是，世尊！
